0.000000e+00;1.561345e-02
3.968607e-10;1.486606e-02
7.937214e-10;1.603138e-02
1.190582e-09;1.996022e-02
1.587443e-09;2.131288e-02
1.984304e-09;2.202826e-02
2.381164e-09;1.856323e-02
2.778025e-09;1.823694e-02
3.174886e-09;1.758342e-02
3.571746e-09;1.943110e-02
3.968607e-09;1.837863e-02
4.365468e-09;1.988685e-02
4.762328e-09;1.921204e-02
5.159189e-09;2.031719e-02
5.556050e-09;1.907043e-02
5.952911e-09;1.880538e-02
6.349771e-09;1.687222e-02
6.746632e-09;1.661443e-02
7.143493e-09;1.567095e-02
7.540353e-09;1.828142e-02
7.937214e-09;1.905620e-02
8.334075e-09;1.980320e-02
8.730936e-09;1.932293e-02
9.127796e-09;1.779309e-02
9.524657e-09;1.955713e-02
9.921518e-09;1.777836e-02
1.031838e-08;1.852979e-02
1.071524e-08;1.792205e-02
1.111210e-08;1.875574e-02
1.150896e-08;1.778962e-02
1.190582e-08;1.760276e-02
1.230268e-08;1.750734e-02
1.269954e-08;1.688250e-02
1.309640e-08;1.581281e-02
1.349326e-08;1.584051e-02
1.389012e-08;1.761550e-02
1.428699e-08;2.001411e-02
1.468385e-08;2.099444e-02
1.508071e-08;2.230006e-02
1.547757e-08;2.011531e-02
1.587443e-08;1.963198e-02
1.627129e-08;1.742742e-02
1.666815e-08;1.668716e-02
1.706501e-08;1.616517e-02
1.746187e-08;1.629427e-02
1.785873e-08;1.787415e-02
1.825559e-08;1.768650e-02
1.865245e-08;1.683772e-02
1.904931e-08;1.774721e-02
1.944617e-08;1.866543e-02
1.984304e-08;2.220016e-02
2.023990e-08;2.210651e-02
2.063676e-08;2.235095e-02
2.103362e-08;2.090374e-02
2.143048e-08;2.054080e-02
2.182734e-08;1.955312e-02
2.222420e-08;1.998697e-02
2.262106e-08;1.916202e-02
2.301792e-08;2.050650e-02
2.341478e-08;1.881465e-02
2.381164e-08;1.893238e-02
2.420850e-08;1.657603e-02
2.460536e-08;1.855128e-02
2.500222e-08;1.864624e-02
2.539909e-08;2.036680e-02
2.579595e-08;1.846891e-02
2.619281e-08;1.832676e-02
2.658967e-08;1.809542e-02
2.698653e-08;1.782652e-02
2.738339e-08;1.787457e-02
2.778025e-08;1.718791e-02
2.817711e-08;1.906519e-02
2.857397e-08;2.014937e-02
2.897083e-08;1.907254e-02
2.936769e-08;1.690389e-02
2.976455e-08;1.755487e-02
3.016141e-08;1.855509e-02
3.055828e-08;1.972878e-02
3.095514e-08;1.768724e-02
3.135199e-08;1.813488e-02
3.174886e-08;1.686259e-02
3.214572e-08;1.757708e-02
3.254258e-08;1.833030e-02
3.293944e-08;1.970225e-02
3.333630e-08;1.902118e-02
3.373316e-08;1.839074e-02
3.413002e-08;1.827092e-02
3.452688e-08;1.714621e-02
3.492374e-08;1.794250e-02
3.532060e-08;1.854492e-02
3.571746e-08;2.030326e-02
3.611433e-08;1.882725e-02
3.651119e-08;2.034208e-02
3.690804e-08;1.944707e-02
3.730491e-08;2.069650e-02
3.770177e-08;1.942896e-02
3.809863e-08;1.930846e-02
3.849549e-08;1.771507e-02
3.889235e-08;1.805213e-02
3.928921e-08;1.829459e-02
3.968607e-08;1.910347e-02
4.008293e-08;1.909617e-02
4.047979e-08;1.844999e-02
4.087665e-08;1.805039e-02
4.127351e-08;1.718438e-02
4.167038e-08;1.530012e-02
4.206724e-08;1.670246e-02
4.246409e-08;1.709530e-02
4.286096e-08;1.889129e-02
4.325782e-08;1.759160e-02
4.365468e-08;1.697624e-02
4.405154e-08;1.823699e-02
4.444840e-08;1.740052e-02
4.484526e-08;1.752512e-02
4.524212e-08;1.459703e-02
4.563898e-08;1.451650e-02
4.603584e-08;1.309522e-02
4.643270e-08;1.544215e-02
4.682956e-08;1.593782e-02
4.722643e-08;1.955642e-02
4.762328e-08;1.879062e-02
4.802014e-08;1.827880e-02
4.841701e-08;1.550313e-02
4.881387e-08;1.633105e-02
4.921073e-08;1.693121e-02
4.960759e-08;2.033430e-02
5.000445e-08;2.000338e-02
5.040131e-08;1.810932e-02
5.079817e-08;1.702525e-02
5.119503e-08;1.785622e-02
5.159189e-08;1.933500e-02
5.198875e-08;1.979384e-02
5.238561e-08;2.011447e-02
5.278248e-08;2.041450e-02
5.317933e-08;1.915607e-02
5.357620e-08;1.677300e-02
5.397306e-08;1.620278e-02
5.436992e-08;1.602328e-02
5.476678e-08;1.845158e-02
5.516364e-08;1.879615e-02
5.556050e-08;2.038103e-02
5.595736e-08;1.739758e-02
5.635422e-08;1.713052e-02
5.675108e-08;1.511995e-02
5.714794e-08;1.740818e-02
5.754480e-08;1.818855e-02
5.794166e-08;1.846232e-02
5.833853e-08;1.939106e-02
5.873538e-08;1.972173e-02
5.913225e-08;2.135879e-02
5.952911e-08;1.847187e-02
5.992597e-08;1.751858e-02
6.032283e-08;1.658227e-02
6.071969e-08;1.653925e-02
6.111655e-08;1.758062e-02
6.151341e-08;1.835079e-02
6.191027e-08;1.884953e-02
6.230713e-08;1.831297e-02
6.270399e-08;1.585847e-02
6.310086e-08;1.633110e-02
6.349772e-08;1.720933e-02
6.389457e-08;1.817366e-02
6.429143e-08;1.933982e-02
6.468829e-08;1.827668e-02
6.508515e-08;1.862648e-02
6.548202e-08;1.887308e-02
6.587888e-08;2.029899e-02
6.627574e-08;2.004949e-02
6.667260e-08;1.949261e-02
6.706946e-08;1.783364e-02
6.746632e-08;1.696127e-02
6.786318e-08;1.679928e-02
6.826004e-08;1.662254e-02
6.865690e-08;1.781306e-02
6.905376e-08;1.674410e-02
6.945062e-08;1.504795e-02
6.984749e-08;1.411360e-02
7.024435e-08;1.371550e-02
7.064121e-08;1.533972e-02
7.103807e-08;1.452180e-02
7.143493e-08;1.517642e-02
7.183179e-08;1.569048e-02
7.222865e-08;1.628477e-02
7.262551e-08;1.691777e-02
7.302237e-08;1.643600e-02
7.341923e-08;1.834485e-02
7.381609e-08;1.719769e-02
7.421296e-08;1.705592e-02
7.460982e-08;1.381550e-02
7.500667e-08;1.460284e-02
7.540353e-08;1.401750e-02
7.580039e-08;1.557882e-02
7.619725e-08;1.358555e-02
7.659412e-08;1.442194e-02
7.699098e-08;1.399668e-02
7.738784e-08;1.412149e-02
7.778470e-08;1.525063e-02
7.818156e-08;1.456130e-02
7.857842e-08;1.431415e-02
7.897528e-08;1.365174e-02
7.937214e-08;1.301996e-02
7.976900e-08;1.326653e-02
8.016586e-08;1.509391e-02
8.056272e-08;1.732056e-02
8.095959e-08;1.708359e-02
8.135645e-08;1.549742e-02
8.175331e-08;1.489670e-02
8.215017e-08;1.526042e-02
8.254703e-08;1.652744e-02
8.294389e-08;1.641670e-02
8.334075e-08;1.715119e-02
8.373761e-08;1.764172e-02
8.413447e-08;1.864607e-02
8.453133e-08;1.908276e-02
8.492819e-08;1.686704e-02
8.532506e-08;1.521022e-02
8.572191e-08;1.460846e-02
8.611877e-08;1.790406e-02
8.651563e-08;1.977774e-02
8.691249e-08;1.963245e-02
8.730936e-08;1.641800e-02
8.770622e-08;1.572192e-02
8.810308e-08;1.627555e-02
8.849994e-08;1.744112e-02
8.889680e-08;1.697116e-02
8.929366e-08;1.753944e-02
8.969052e-08;1.717343e-02
9.008738e-08;1.681862e-02
9.048424e-08;1.584978e-02
9.088110e-08;1.645390e-02
9.127796e-08;1.666191e-02
9.167483e-08;1.784099e-02
9.207169e-08;1.702320e-02
9.246855e-08;1.724877e-02
9.286541e-08;1.667022e-02
9.326227e-08;1.873268e-02
9.365912e-08;1.841306e-02
9.405599e-08;1.852500e-02
9.445285e-08;1.765208e-02
9.484971e-08;1.815915e-02
9.524657e-08;1.777269e-02
9.564343e-08;1.697638e-02
9.604029e-08;1.504288e-02
9.643716e-08;1.520424e-02
9.683401e-08;1.679255e-02
9.723087e-08;1.871623e-02
9.762773e-08;1.644775e-02
9.802459e-08;1.583226e-02
9.842146e-08;1.477177e-02
9.881832e-08;1.589570e-02
9.921518e-08;1.554553e-02
9.961204e-08;1.583988e-02
1.000089e-07;1.615613e-02
1.004058e-07;1.469272e-02
1.008026e-07;1.568867e-02
1.011995e-07;1.518190e-02
1.015963e-07;1.642384e-02
1.019932e-07;1.317595e-02
1.023901e-07;1.448985e-02
1.027869e-07;1.271526e-02
1.031838e-07;1.645680e-02
1.035806e-07;1.602238e-02
1.039775e-07;1.698198e-02
1.043744e-07;1.541438e-02
1.047712e-07;1.543215e-02
1.051681e-07;1.591898e-02
1.055650e-07;1.522764e-02
1.059618e-07;1.402499e-02
1.063587e-07;1.310166e-02
1.067555e-07;1.331272e-02
1.071524e-07;1.510764e-02
1.075493e-07;1.464824e-02
1.079461e-07;1.393182e-02
1.083430e-07;1.295957e-02
1.087398e-07;1.455818e-02
1.091367e-07;1.530414e-02
1.095336e-07;1.638084e-02
1.099304e-07;1.792754e-02
1.103273e-07;1.665939e-02
1.107241e-07;1.492337e-02
1.111210e-07;1.288249e-02
1.115179e-07;1.370789e-02
1.119147e-07;1.466307e-02
1.123116e-07;1.558950e-02
1.127084e-07;1.449738e-02
1.131053e-07;1.544737e-02
1.135022e-07;1.607642e-02
1.138990e-07;1.785644e-02
1.142959e-07;1.745017e-02
1.146927e-07;1.725906e-02
1.150896e-07;1.535572e-02
1.154865e-07;1.638633e-02
1.158833e-07;1.707903e-02
1.162802e-07;1.859189e-02
1.166771e-07;1.783670e-02
1.170739e-07;1.611753e-02
1.174708e-07;1.625768e-02
1.178676e-07;1.781656e-02
1.182645e-07;1.794855e-02
1.186614e-07;1.991130e-02
1.190582e-07;1.636843e-02
1.194551e-07;1.745117e-02
1.198519e-07;1.561143e-02
1.202488e-07;1.908746e-02
1.206457e-07;2.020270e-02
1.210425e-07;1.917223e-02
1.214394e-07;1.837086e-02
1.218362e-07;1.716817e-02
1.222331e-07;1.725700e-02
1.226300e-07;1.619717e-02
1.230268e-07;1.580721e-02
1.234237e-07;1.752547e-02
1.238205e-07;1.734574e-02
1.242174e-07;1.801682e-02
1.246143e-07;1.746962e-02
1.250111e-07;1.792979e-02
1.254080e-07;1.792965e-02
1.258048e-07;1.912231e-02
1.262017e-07;1.720537e-02
1.265986e-07;1.837109e-02
1.269954e-07;1.603097e-02
1.273923e-07;1.928582e-02
1.277891e-07;1.846437e-02
1.281860e-07;1.881323e-02
1.285829e-07;1.682484e-02
1.289797e-07;1.660050e-02
1.293766e-07;1.643666e-02
1.297735e-07;1.759028e-02
1.301703e-07;2.034553e-02
1.305672e-07;2.047414e-02
1.309640e-07;1.946089e-02
1.313609e-07;1.793985e-02
1.317578e-07;1.723398e-02
1.321546e-07;1.832617e-02
1.325515e-07;1.764531e-02
1.329483e-07;1.959476e-02
1.333452e-07;2.080887e-02
1.337421e-07;2.217141e-02
1.341389e-07;2.278574e-02
1.345358e-07;2.226159e-02
1.349326e-07;2.247126e-02
1.353295e-07;2.044115e-02
1.357264e-07;2.027793e-02
1.361232e-07;1.880623e-02
1.365201e-07;1.972426e-02
1.369169e-07;1.866700e-02
1.373138e-07;1.887575e-02
1.377107e-07;1.881447e-02
1.381075e-07;1.993863e-02
1.385044e-07;1.969313e-02
1.389012e-07;2.136371e-02
1.392981e-07;2.106752e-02
1.396950e-07;2.261285e-02
1.400918e-07;2.188094e-02
1.404887e-07;2.068595e-02
1.408855e-07;1.792021e-02
1.412824e-07;1.547566e-02
1.416793e-07;1.731119e-02
1.420761e-07;1.988223e-02
1.424730e-07;2.019390e-02
1.428699e-07;1.991656e-02
1.432667e-07;1.831138e-02
1.436636e-07;1.908897e-02
1.440604e-07;2.114870e-02
1.444573e-07;2.056490e-02
1.448542e-07;2.055394e-02
1.452510e-07;1.541084e-02
1.456479e-07;1.691562e-02
1.460447e-07;1.627309e-02
1.464416e-07;1.926563e-02
1.468385e-07;1.928418e-02
1.472353e-07;1.821665e-02
1.476322e-07;1.820073e-02
1.480290e-07;1.894623e-02
1.484259e-07;2.170821e-02
1.488228e-07;2.146014e-02
1.492196e-07;2.227174e-02
1.496165e-07;1.988650e-02
1.500133e-07;1.793961e-02
1.504102e-07;1.841496e-02
1.508071e-07;1.840693e-02
1.512039e-07;2.197161e-02
1.516008e-07;1.902609e-02
1.519977e-07;2.013078e-02
1.523945e-07;1.836967e-02
1.527914e-07;1.840900e-02
1.531882e-07;1.608940e-02
1.535851e-07;1.603435e-02
1.539820e-07;1.563038e-02
1.543788e-07;1.623603e-02
1.547757e-07;1.572213e-02
1.551725e-07;1.677953e-02
1.555694e-07;1.777126e-02
1.559663e-07;1.848150e-02
1.563631e-07;2.116961e-02
1.567600e-07;1.981584e-02
1.571568e-07;1.857818e-02
1.575537e-07;1.666082e-02
1.579506e-07;1.547873e-02
1.583474e-07;1.631146e-02
1.587443e-07;1.680022e-02
1.591412e-07;1.673830e-02
1.595380e-07;1.630313e-02
1.599349e-07;1.674663e-02
1.603317e-07;1.911175e-02
1.607286e-07;1.991770e-02
1.611254e-07;1.977346e-02
1.615223e-07;1.964483e-02
1.619192e-07;1.937566e-02
1.623160e-07;2.007256e-02
1.627129e-07;1.772880e-02
1.631097e-07;1.691420e-02
1.635066e-07;1.628830e-02
1.639035e-07;1.629929e-02
1.643003e-07;1.666761e-02
1.646972e-07;1.898502e-02
1.650941e-07;2.099326e-02
1.654909e-07;2.186982e-02
1.658878e-07;1.955095e-02
1.662846e-07;1.906083e-02
1.666815e-07;1.806986e-02
1.670784e-07;1.854064e-02
1.674752e-07;1.760617e-02
1.678721e-07;1.706728e-02
1.682689e-07;1.649357e-02
1.686658e-07;1.695247e-02
1.690627e-07;1.826504e-02
1.694595e-07;1.781755e-02
1.698564e-07;1.700813e-02
1.702532e-07;1.772183e-02
1.706501e-07;1.822049e-02
1.710470e-07;1.768682e-02
1.714438e-07;1.598166e-02
1.718407e-07;1.474857e-02
1.722375e-07;1.454539e-02
1.726344e-07;1.529149e-02
1.730313e-07;1.790602e-02
1.734281e-07;1.882152e-02
1.738250e-07;1.983844e-02
1.742219e-07;2.064041e-02
1.746187e-07;1.990715e-02
1.750156e-07;2.087768e-02
1.754124e-07;2.007538e-02
1.758093e-07;2.340137e-02
1.762062e-07;2.485379e-02
1.766030e-07;2.564653e-02
1.769999e-07;2.382093e-02
1.773967e-07;2.282944e-02
1.777936e-07;2.359568e-02
1.781905e-07;2.381045e-02
1.785873e-07;2.116493e-02
1.789842e-07;2.443409e-02
1.793810e-07;2.505760e-02
1.797779e-07;2.832568e-02
1.801748e-07;2.648478e-02
1.805716e-07;2.857914e-02
1.809685e-07;2.780556e-02
1.813654e-07;2.775458e-02
1.817622e-07;2.861249e-02
1.821591e-07;3.018344e-02
1.825559e-07;2.640478e-02
1.829528e-07;2.389825e-02
1.833497e-07;2.641113e-02
1.837465e-07;3.046644e-02
1.841434e-07;3.114923e-02
1.845402e-07;2.987416e-02
1.849371e-07;3.177131e-02
1.853339e-07;3.285982e-02
1.857308e-07;3.185079e-02
1.861277e-07;3.203843e-02
1.865245e-07;3.180482e-02
1.869214e-07;3.114665e-02
1.873182e-07;3.049535e-02
1.877151e-07;3.067674e-02
1.881120e-07;3.102953e-02
1.885088e-07;2.999793e-02
1.889057e-07;3.250146e-02
1.893026e-07;3.129457e-02
1.896994e-07;3.231067e-02
1.900963e-07;3.157571e-02
1.904931e-07;3.310152e-02
1.908900e-07;3.254757e-02
1.912869e-07;3.115091e-02
1.916837e-07;3.032433e-02
1.920806e-07;2.715947e-02
1.924774e-07;2.598237e-02
1.928743e-07;2.664197e-02
1.932712e-07;2.751262e-02
1.936680e-07;2.595384e-02
1.940649e-07;2.322027e-02
1.944617e-07;2.379989e-02
1.948586e-07;2.212409e-02
1.952555e-07;2.290762e-02
1.956523e-07;1.916033e-02
1.960492e-07;2.195339e-02
1.964461e-07;2.337897e-02
1.968429e-07;2.575783e-02
1.972398e-07;2.465781e-02
1.976366e-07;2.290011e-02
1.980335e-07;2.086592e-02
1.984304e-07;2.052558e-02
1.988272e-07;2.118258e-02
1.992241e-07;2.100598e-02
1.996209e-07;1.966276e-02
2.000178e-07;2.048344e-02
2.004147e-07;2.149961e-02
2.008115e-07;2.052251e-02
2.012084e-07;1.869197e-02
2.016052e-07;1.782768e-02
2.020021e-07;1.958323e-02
2.023990e-07;2.065032e-02
2.027958e-07;1.920521e-02
2.031927e-07;1.729775e-02
2.035896e-07;1.640938e-02
2.039864e-07;1.650259e-02
2.043833e-07;1.556977e-02
2.047801e-07;1.236812e-02
2.051770e-07;1.272936e-02
2.055739e-07;1.395463e-02
2.059707e-07;1.652322e-02
2.063676e-07;1.640924e-02
2.067644e-07;1.605342e-02
2.071613e-07;1.465785e-02
2.075581e-07;1.427781e-02
2.079550e-07;1.500193e-02
2.083519e-07;1.654547e-02
2.087487e-07;1.767887e-02
2.091456e-07;1.516544e-02
2.095424e-07;1.432073e-02
2.099393e-07;1.462423e-02
2.103362e-07;1.562214e-02
2.107330e-07;1.565450e-02
2.111299e-07;1.472707e-02
2.115268e-07;1.700442e-02
2.119236e-07;1.690977e-02
2.123205e-07;1.754090e-02
2.127173e-07;1.685603e-02
2.131142e-07;1.760935e-02
2.135111e-07;1.796507e-02
2.139079e-07;1.670924e-02
2.143048e-07;1.552006e-02
2.147016e-07;1.417275e-02
2.150985e-07;1.456618e-02
2.154954e-07;1.541000e-02
2.158922e-07;1.458855e-02
2.162891e-07;1.441030e-02
2.166859e-07;1.640153e-02
2.170828e-07;1.764354e-02
2.174797e-07;1.729805e-02
2.178765e-07;1.492044e-02
2.182734e-07;1.488548e-02
2.186703e-07;1.439272e-02
2.190671e-07;1.505864e-02
2.194640e-07;1.426048e-02
2.198608e-07;1.412441e-02
2.202577e-07;1.515085e-02
2.206546e-07;1.683275e-02
2.210514e-07;1.757098e-02
2.214483e-07;1.627742e-02
2.218451e-07;1.687965e-02
2.222420e-07;1.637340e-02
2.226389e-07;1.552271e-02
2.230357e-07;1.472824e-02
2.234326e-07;1.598697e-02
2.238294e-07;1.634336e-02
2.242263e-07;1.646837e-02
2.246232e-07;1.640677e-02
2.250200e-07;1.520932e-02
2.254169e-07;1.471583e-02
2.258137e-07;1.417409e-02
2.262106e-07;1.428794e-02
2.266075e-07;1.482877e-02
2.270043e-07;1.687401e-02
2.274012e-07;1.931892e-02
2.277981e-07;1.909764e-02
2.281949e-07;1.883795e-02
2.285918e-07;1.768227e-02
2.289886e-07;1.668502e-02
2.293855e-07;1.526168e-02
2.297824e-07;1.612409e-02
2.301792e-07;1.658194e-02
2.305761e-07;1.600153e-02
2.309729e-07;1.390539e-02
2.313698e-07;1.469870e-02
2.317666e-07;1.587481e-02
2.321635e-07;1.611293e-02
2.325604e-07;1.396084e-02
2.329572e-07;1.470764e-02
2.333541e-07;1.613152e-02
2.337510e-07;1.785404e-02
2.341478e-07;1.840197e-02
2.345447e-07;1.627386e-02
2.349415e-07;1.599726e-02
2.353384e-07;1.474579e-02
2.357353e-07;1.656053e-02
2.361321e-07;1.729854e-02
2.365290e-07;1.777458e-02
2.369258e-07;1.702329e-02
2.373227e-07;1.590010e-02
2.377196e-07;1.393361e-02
2.381164e-07;1.377314e-02
2.385133e-07;1.495024e-02
2.389102e-07;1.659058e-02
2.393070e-07;1.605232e-02
2.397039e-07;1.485179e-02
2.401007e-07;1.436395e-02
2.404976e-07;1.444774e-02
2.408945e-07;1.684996e-02
2.412913e-07;1.687125e-02
2.416882e-07;1.829165e-02
2.420850e-07;1.848192e-02
2.424819e-07;2.013902e-02
2.428787e-07;2.049391e-02
2.432756e-07;1.711006e-02
2.436725e-07;1.729250e-02
2.440693e-07;1.639564e-02
2.444662e-07;1.745666e-02
2.448631e-07;1.555869e-02
2.452599e-07;1.711446e-02
2.456568e-07;1.670458e-02
2.460536e-07;1.810190e-02
2.464505e-07;1.864423e-02
2.468473e-07;1.991754e-02
2.472442e-07;1.891177e-02
2.476411e-07;1.546935e-02
2.480379e-07;1.379943e-02
2.484348e-07;1.362664e-02
2.488317e-07;1.589778e-02
2.492285e-07;1.502575e-02
2.496254e-07;1.569262e-02
2.500223e-07;1.512993e-02
2.504191e-07;1.773150e-02
2.508160e-07;1.672057e-02
2.512128e-07;2.013871e-02
2.516097e-07;1.772784e-02
2.520065e-07;1.827238e-02
2.524034e-07;1.478787e-02
2.528003e-07;1.656708e-02
2.531971e-07;1.589338e-02
2.535940e-07;1.582035e-02
2.539909e-07;1.377273e-02
2.543877e-07;1.709060e-02
2.547846e-07;1.720260e-02
2.551814e-07;1.753915e-02
2.555783e-07;1.448189e-02
2.559752e-07;1.533861e-02
2.563720e-07;1.664743e-02
2.567689e-07;1.778942e-02
2.571657e-07;1.824621e-02
2.575626e-07;1.746464e-02
2.579595e-07;1.864394e-02
2.583563e-07;1.820146e-02
2.587532e-07;1.732505e-02
2.591501e-07;1.565361e-02
2.595469e-07;1.730439e-02
2.599438e-07;1.893631e-02
2.603406e-07;1.875466e-02
2.607375e-07;1.533603e-02
2.611343e-07;1.518979e-02
2.615312e-07;1.582018e-02
2.619281e-07;1.836521e-02
2.623249e-07;1.907754e-02
2.627218e-07;1.887679e-02
2.631187e-07;1.815338e-02
2.635155e-07;1.684009e-02
2.639124e-07;1.776111e-02
2.643092e-07;1.589427e-02
2.647061e-07;1.605055e-02
2.651030e-07;1.355759e-02
2.654998e-07;1.369920e-02
2.658967e-07;1.488514e-02
2.662935e-07;1.626907e-02
2.666904e-07;1.924037e-02
2.670872e-07;1.787990e-02
2.674841e-07;1.851224e-02
2.678810e-07;1.638297e-02
2.682778e-07;1.657522e-02
2.686747e-07;1.533677e-02
2.690716e-07;1.580803e-02
2.694684e-07;1.728329e-02
2.698653e-07;1.895139e-02
2.702621e-07;1.799521e-02
2.706590e-07;1.732830e-02
2.710559e-07;1.652930e-02
2.714527e-07;1.902755e-02
2.718496e-07;1.797579e-02
2.722464e-07;1.960793e-02
2.726433e-07;1.791471e-02
2.730402e-07;1.714452e-02
2.734370e-07;1.735050e-02
2.738339e-07;1.610390e-02
2.742308e-07;1.983755e-02
2.746276e-07;1.889376e-02
2.750245e-07;2.114947e-02
2.754213e-07;1.872321e-02
2.758182e-07;1.949395e-02
2.762150e-07;1.820230e-02
2.766119e-07;1.950625e-02
2.770088e-07;1.625820e-02
2.774056e-07;1.972854e-02
2.778025e-07;1.892288e-02
2.781994e-07;2.072046e-02
2.785962e-07;1.932058e-02
2.789931e-07;2.086644e-02
2.793900e-07;2.205905e-02
2.797868e-07;2.135178e-02
2.801837e-07;1.856194e-02
2.805805e-07;1.694071e-02
2.809774e-07;1.545136e-02
2.813742e-07;1.522106e-02
2.817711e-07;1.756487e-02
2.821680e-07;2.129218e-02
2.825648e-07;2.219399e-02
2.829617e-07;2.134578e-02
2.833586e-07;2.032846e-02
2.837554e-07;2.303902e-02
2.841523e-07;2.473217e-02
2.845491e-07;2.405332e-02
2.849460e-07;2.077227e-02
2.853428e-07;1.994559e-02
2.857397e-07;2.149619e-02
2.861366e-07;2.250921e-02
2.865334e-07;2.067161e-02
2.869303e-07;2.077546e-02
2.873272e-07;2.253866e-02
2.877240e-07;2.641566e-02
2.881209e-07;2.559083e-02
2.885177e-07;2.410547e-02
2.889146e-07;2.283122e-02
2.893115e-07;2.470858e-02
2.897083e-07;2.517612e-02
2.901052e-07;2.707351e-02
2.905020e-07;2.497168e-02
2.908989e-07;2.608823e-02
2.912957e-07;2.473136e-02
2.916926e-07;2.601220e-02
2.920895e-07;2.690741e-02
2.924863e-07;2.727797e-02
2.928832e-07;2.770711e-02
2.932801e-07;2.389145e-02
2.936769e-07;2.278090e-02
2.940738e-07;2.162666e-02
2.944707e-07;2.431381e-02
2.948675e-07;2.495778e-02
2.952644e-07;2.448791e-02
2.956612e-07;2.370737e-02
2.960581e-07;2.526957e-02
2.964549e-07;2.382319e-02
2.968518e-07;2.381912e-02
2.972487e-07;2.303571e-02
2.976455e-07;2.727000e-02
2.980424e-07;2.791892e-02
2.984393e-07;2.727757e-02
2.988361e-07;2.298803e-02
2.992330e-07;2.350729e-02
2.996298e-07;2.329584e-02
3.000267e-07;2.477434e-02
3.004236e-07;2.542664e-02
3.008204e-07;2.734642e-02
3.012173e-07;2.836646e-02
3.016141e-07;2.449205e-02
3.020110e-07;2.425517e-02
3.024079e-07;2.248134e-02
3.028047e-07;2.374345e-02
3.032016e-07;2.482205e-02
3.035985e-07;2.446721e-02
3.039953e-07;2.423779e-02
3.043922e-07;2.065514e-02
3.047890e-07;1.980317e-02
3.051859e-07;2.011279e-02
3.055827e-07;2.116822e-02
3.059796e-07;2.162911e-02
3.063765e-07;2.068898e-02
3.067733e-07;2.043492e-02
3.071702e-07;2.101820e-02
3.075671e-07;2.082987e-02
3.079639e-07;2.197904e-02
3.083608e-07;2.048878e-02
3.087576e-07;2.097423e-02
3.091545e-07;1.878757e-02
3.095514e-07;1.749096e-02
3.099482e-07;1.541058e-02
3.103451e-07;1.418232e-02
3.107419e-07;1.536801e-02
3.111388e-07;1.544700e-02
3.115357e-07;1.767376e-02
3.119325e-07;1.691341e-02
3.123294e-07;1.775587e-02
3.127262e-07;1.563186e-02
3.131231e-07;1.708519e-02
3.135200e-07;1.649151e-02
3.139168e-07;1.550811e-02
3.143137e-07;1.425281e-02
3.147105e-07;1.566971e-02
3.151074e-07;1.799919e-02
3.155043e-07;1.932757e-02
3.159011e-07;1.916081e-02
3.162980e-07;1.818226e-02
3.166948e-07;1.814012e-02
3.170917e-07;1.772769e-02
3.174886e-07;1.665190e-02
3.178854e-07;1.590691e-02
3.182823e-07;1.632416e-02
3.186792e-07;1.609531e-02
3.190760e-07;1.758338e-02
3.194729e-07;1.621491e-02
3.198697e-07;1.614951e-02
3.202666e-07;1.681360e-02
3.206634e-07;1.756308e-02
3.210603e-07;1.765234e-02
3.214572e-07;1.692432e-02
3.218540e-07;1.774191e-02
3.222509e-07;1.630128e-02
3.226478e-07;1.759107e-02
3.230446e-07;1.966676e-02
3.234415e-07;2.077827e-02
3.238383e-07;2.023969e-02
3.242352e-07;1.794603e-02
3.246321e-07;1.866709e-02
3.250289e-07;1.744032e-02
3.254258e-07;1.812484e-02
3.258226e-07;1.837814e-02
3.262195e-07;1.776332e-02
3.266164e-07;1.693012e-02
3.270132e-07;1.532629e-02
3.274101e-07;1.742617e-02
3.278070e-07;1.757905e-02
3.282038e-07;1.689604e-02
3.286007e-07;1.583484e-02
3.289975e-07;1.422323e-02
3.293944e-07;1.709238e-02
3.297912e-07;1.669597e-02
3.301881e-07;1.856169e-02
3.305850e-07;1.757584e-02
3.309818e-07;1.735199e-02
3.313787e-07;1.642442e-02
3.317756e-07;1.853505e-02
3.321724e-07;2.021744e-02
3.325693e-07;2.116440e-02
3.329661e-07;1.971766e-02
3.333630e-07;1.813268e-02
3.337599e-07;1.717487e-02
3.341567e-07;1.837406e-02
3.345536e-07;1.847201e-02
3.349504e-07;1.910434e-02
3.353473e-07;1.707717e-02
3.357442e-07;1.621927e-02
3.361410e-07;1.599622e-02
3.365379e-07;1.748945e-02
3.369347e-07;1.879002e-02
3.373316e-07;2.079239e-02
3.377285e-07;1.944645e-02
3.381253e-07;1.990501e-02
3.385222e-07;1.803965e-02
3.389191e-07;1.876128e-02
3.393159e-07;2.070869e-02
3.397128e-07;2.086741e-02
3.401096e-07;2.135038e-02
3.405065e-07;1.919912e-02
3.409033e-07;1.982527e-02
3.413002e-07;1.798358e-02
3.416971e-07;1.785903e-02
3.420939e-07;1.834374e-02
3.424908e-07;1.845955e-02
3.428877e-07;1.666372e-02
3.432845e-07;1.476178e-02
3.436814e-07;1.502171e-02
3.440782e-07;1.802886e-02
3.444751e-07;2.001875e-02
3.448719e-07;1.894097e-02
3.452688e-07;1.880196e-02
3.456657e-07;1.907728e-02
3.460625e-07;1.975333e-02
3.464594e-07;1.907314e-02
3.468563e-07;1.879714e-02
3.472531e-07;1.918147e-02
3.476500e-07;1.785216e-02
3.480469e-07;1.873679e-02
3.484437e-07;1.834871e-02
3.488406e-07;2.073223e-02
3.492374e-07;1.942763e-02
3.496343e-07;1.971192e-02
3.500311e-07;2.115894e-02
3.504280e-07;1.988622e-02
3.508249e-07;2.236471e-02
3.512217e-07;2.161355e-02
3.516186e-07;2.203128e-02
3.520155e-07;1.992041e-02
3.524123e-07;1.703029e-02
3.528092e-07;1.836642e-02
3.532060e-07;1.862578e-02
3.536029e-07;2.186192e-02
3.539998e-07;2.089274e-02
3.543966e-07;2.033490e-02
3.547935e-07;1.881093e-02
3.551903e-07;2.139448e-02
3.555872e-07;1.992173e-02
3.559841e-07;2.134743e-02
3.563809e-07;1.875562e-02
3.567778e-07;1.854952e-02
3.571746e-07;1.821689e-02
3.575715e-07;2.091503e-02
3.579684e-07;2.217890e-02
3.583652e-07;2.205086e-02
3.587621e-07;1.858308e-02
3.591589e-07;1.804139e-02
3.595558e-07;1.747143e-02
3.599527e-07;1.903433e-02
3.603495e-07;1.836858e-02
3.607464e-07;1.973181e-02
3.611432e-07;1.960390e-02
3.615401e-07;1.871836e-02
3.619370e-07;1.741184e-02
3.623338e-07;1.820927e-02
3.627307e-07;1.885735e-02
3.631276e-07;1.841599e-02
3.635244e-07;1.933374e-02
3.639213e-07;1.964963e-02
3.643181e-07;1.928104e-02
3.647150e-07;1.956042e-02
3.651118e-07;2.161271e-02
3.655087e-07;2.263520e-02
3.659056e-07;2.162336e-02
3.663024e-07;2.066852e-02
3.666993e-07;2.016193e-02
3.670962e-07;1.896915e-02
3.674930e-07;1.614939e-02
3.678899e-07;1.688681e-02
3.682867e-07;1.803415e-02
3.686836e-07;1.817163e-02
3.690805e-07;1.833812e-02
3.694773e-07;1.976578e-02
3.698742e-07;1.956447e-02
3.702710e-07;2.108431e-02
3.706679e-07;1.928263e-02
3.710648e-07;1.996607e-02
3.714616e-07;1.703737e-02
3.718585e-07;1.895097e-02
3.722554e-07;1.835206e-02
3.726522e-07;1.798573e-02
3.730491e-07;1.695361e-02
3.734459e-07;1.546090e-02
3.738428e-07;1.592403e-02
3.742396e-07;1.496617e-02
3.746365e-07;1.846381e-02
3.750334e-07;2.054964e-02
3.754302e-07;2.138606e-02
3.758271e-07;1.880885e-02
3.762240e-07;1.665781e-02
3.766208e-07;1.698510e-02
3.770177e-07;1.695311e-02
3.774145e-07;1.912233e-02
3.778114e-07;1.965282e-02
3.782083e-07;1.923540e-02
3.786051e-07;1.816652e-02
3.790020e-07;1.801392e-02
3.793988e-07;1.850704e-02
3.797957e-07;1.850359e-02
3.801926e-07;2.198017e-02
3.805894e-07;2.215895e-02
3.809863e-07;1.972121e-02
3.813831e-07;1.475401e-02
3.817800e-07;1.476930e-02
3.821769e-07;1.591880e-02
3.825737e-07;1.729768e-02
3.829706e-07;1.662323e-02
3.833674e-07;1.894624e-02
3.837643e-07;1.777491e-02
3.841612e-07;1.940266e-02
3.845580e-07;1.671282e-02
3.849549e-07;1.799305e-02
3.853517e-07;1.988224e-02
3.857486e-07;2.024822e-02
3.861455e-07;1.952797e-02
3.865423e-07;1.812984e-02
