0.000000e+00;2.067009e-02
3.968607e-10;2.094286e-02
7.937214e-10;1.996363e-02
1.190582e-09;1.850099e-02
1.587443e-09;1.792200e-02
1.984304e-09;1.861205e-02
2.381164e-09;1.860232e-02
2.778025e-09;1.970901e-02
3.174886e-09;1.874075e-02
3.571746e-09;1.962635e-02
3.968607e-09;1.810147e-02
4.365468e-09;1.635810e-02
4.762328e-09;1.494986e-02
5.159189e-09;1.272809e-02
5.556050e-09;1.399549e-02
5.952911e-09;1.602800e-02
6.349771e-09;1.763825e-02
6.746632e-09;2.033135e-02
7.143493e-09;2.178715e-02
7.540353e-09;2.340037e-02
7.937214e-09;2.280474e-02
8.334075e-09;2.243166e-02
8.730936e-09;2.178895e-02
9.127796e-09;2.072074e-02
9.524657e-09;1.815074e-02
9.921518e-09;1.689709e-02
1.031838e-08;1.729936e-02
1.071524e-08;1.847068e-02
1.111210e-08;1.830899e-02
1.150896e-08;1.712177e-02
1.190582e-08;1.815386e-02
1.230268e-08;1.903786e-02
1.269954e-08;1.923844e-02
1.309640e-08;1.695492e-02
1.349326e-08;1.760306e-02
1.389012e-08;2.004715e-02
1.428699e-08;2.248625e-02
1.468385e-08;2.294738e-02
1.508071e-08;2.245592e-02
1.547757e-08;2.137623e-02
1.587443e-08;2.060272e-02
1.627129e-08;2.035333e-02
1.666815e-08;2.008606e-02
1.706501e-08;1.988508e-02
1.746187e-08;1.974574e-02
1.785873e-08;2.008016e-02
1.825559e-08;2.050099e-02
1.865245e-08;2.014779e-02
1.904931e-08;1.831745e-02
1.944617e-08;1.727042e-02
1.984304e-08;1.608101e-02
2.023990e-08;1.791846e-02
2.063676e-08;1.942985e-02
2.103362e-08;1.917470e-02
2.143048e-08;1.815461e-02
2.182734e-08;1.663365e-02
2.222420e-08;1.911429e-02
2.262106e-08;2.192332e-02
2.301792e-08;2.210425e-02
2.341478e-08;2.125754e-02
2.381164e-08;1.908546e-02
2.420850e-08;2.089314e-02
2.460536e-08;1.891943e-02
2.500222e-08;1.965027e-02
2.539909e-08;2.003178e-02
2.579595e-08;2.153560e-02
2.619281e-08;2.087544e-02
2.658967e-08;2.077788e-02
2.698653e-08;1.999819e-02
2.738339e-08;2.077347e-02
2.778025e-08;1.982730e-02
2.817711e-08;2.122189e-02
2.857397e-08;2.011239e-02
2.897083e-08;2.209095e-02
2.936769e-08;2.030433e-02
2.976455e-08;2.323642e-02
3.016141e-08;2.048115e-02
3.055828e-08;2.196613e-02
3.095514e-08;2.205488e-02
3.135199e-08;2.273673e-02
3.174886e-08;2.422299e-02
3.214572e-08;2.322511e-02
3.254258e-08;2.177778e-02
3.293944e-08;2.046638e-02
3.333630e-08;2.007109e-02
3.373316e-08;2.229358e-02
3.413002e-08;2.322914e-02
3.452688e-08;2.298919e-02
3.492374e-08;2.341082e-02
3.532060e-08;2.273848e-02
3.571746e-08;2.301267e-02
3.611433e-08;1.976287e-02
3.651119e-08;1.811595e-02
3.690804e-08;1.701870e-02
3.730491e-08;1.853371e-02
3.770177e-08;1.774374e-02
3.809863e-08;1.868407e-02
3.849549e-08;1.807742e-02
3.889235e-08;2.026898e-02
3.928921e-08;2.070811e-02
3.968607e-08;2.053367e-02
4.008293e-08;1.775412e-02
4.047979e-08;1.816723e-02
4.087665e-08;1.809189e-02
4.127351e-08;1.987722e-02
4.167038e-08;2.030159e-02
4.206724e-08;2.272484e-02
4.246409e-08;2.110761e-02
4.286096e-08;2.026296e-02
4.325782e-08;2.239958e-02
4.365468e-08;2.552836e-02
4.405154e-08;2.768139e-02
4.444840e-08;2.333018e-02
4.484526e-08;2.041890e-02
4.524212e-08;1.747256e-02
4.563898e-08;1.721958e-02
4.603584e-08;1.799110e-02
4.643270e-08;1.903441e-02
4.682956e-08;2.088681e-02
4.722643e-08;2.213555e-02
4.762328e-08;2.233841e-02
4.802014e-08;2.168766e-02
4.841701e-08;2.136392e-02
4.881387e-08;2.094504e-02
4.921073e-08;1.949384e-02
4.960759e-08;1.801053e-02
5.000445e-08;1.775936e-02
5.040131e-08;1.877912e-02
5.079817e-08;1.886963e-02
5.119503e-08;1.966150e-02
5.159189e-08;2.107284e-02
5.198875e-08;2.117460e-02
5.238561e-08;2.111347e-02
5.278248e-08;1.869684e-02
5.317933e-08;1.975765e-02
5.357620e-08;1.745849e-02
5.397306e-08;1.732471e-02
5.436992e-08;1.749201e-02
5.476678e-08;1.774766e-02
5.516364e-08;1.876239e-02
5.556050e-08;1.657348e-02
5.595736e-08;1.651086e-02
5.635422e-08;1.710705e-02
5.675108e-08;1.970736e-02
5.714794e-08;2.114759e-02
5.754480e-08;2.097989e-02
5.794166e-08;1.952512e-02
5.833853e-08;1.914574e-02
5.873538e-08;1.906309e-02
5.913225e-08;2.078741e-02
5.952911e-08;2.119499e-02
5.992597e-08;2.116521e-02
6.032283e-08;1.866921e-02
6.071969e-08;1.849582e-02
6.111655e-08;1.717284e-02
6.151341e-08;1.926894e-02
6.191027e-08;1.792480e-02
6.230713e-08;1.994357e-02
6.270399e-08;1.867706e-02
6.310086e-08;2.030145e-02
6.349772e-08;1.956693e-02
6.389457e-08;2.203976e-02
6.429143e-08;2.043816e-02
6.468829e-08;2.126054e-02
6.508515e-08;1.819813e-02
6.548202e-08;1.688709e-02
6.587888e-08;1.753720e-02
6.627574e-08;1.885956e-02
6.667260e-08;1.997923e-02
6.706946e-08;1.816404e-02
6.746632e-08;1.891113e-02
6.786318e-08;1.937271e-02
6.826004e-08;1.954354e-02
6.865690e-08;1.967340e-02
6.905376e-08;2.036603e-02
6.945062e-08;1.984959e-02
6.984749e-08;1.766557e-02
7.024435e-08;1.658023e-02
7.064121e-08;1.798139e-02
7.103807e-08;1.815901e-02
7.143493e-08;1.749541e-02
7.183179e-08;1.652075e-02
7.222865e-08;1.853271e-02
7.262551e-08;1.891666e-02
7.302237e-08;1.835801e-02
7.341923e-08;1.653931e-02
7.381609e-08;1.976353e-02
7.421296e-08;2.088281e-02
7.460982e-08;1.985222e-02
7.500667e-08;1.916797e-02
7.540353e-08;1.911944e-02
7.580039e-08;2.327622e-02
7.619725e-08;2.400793e-02
7.659412e-08;2.357133e-02
7.699098e-08;2.248228e-02
7.738784e-08;2.009094e-02
7.778470e-08;2.180238e-02
7.818156e-08;2.188289e-02
7.857842e-08;2.223145e-02
7.897528e-08;2.254782e-02
7.937214e-08;2.031612e-02
7.976900e-08;2.060100e-02
8.016586e-08;1.932947e-02
8.056272e-08;2.342987e-02
8.095959e-08;2.420030e-02
8.135645e-08;2.306113e-02
8.175331e-08;2.065722e-02
8.215017e-08;2.147170e-02
8.254703e-08;2.238919e-02
8.294389e-08;2.271955e-02
8.334075e-08;2.218823e-02
8.373761e-08;2.261589e-02
8.413447e-08;2.053877e-02
8.453133e-08;2.115873e-02
8.492819e-08;2.076356e-02
8.532506e-08;2.251577e-02
8.572191e-08;2.161667e-02
8.611877e-08;2.041308e-02
8.651563e-08;1.826536e-02
8.691249e-08;1.747390e-02
8.730936e-08;1.814700e-02
8.770622e-08;1.974249e-02
8.810308e-08;2.020578e-02
8.849994e-08;1.912310e-02
8.889680e-08;1.819893e-02
8.929366e-08;1.868487e-02
8.969052e-08;2.079554e-02
9.008738e-08;2.013670e-02
9.048424e-08;2.015311e-02
9.088110e-08;2.019883e-02
9.127796e-08;2.354617e-02
9.167483e-08;2.137924e-02
9.207169e-08;1.971787e-02
9.246855e-08;1.928893e-02
9.286541e-08;2.094060e-02
9.326227e-08;2.190151e-02
9.365912e-08;2.123973e-02
9.405599e-08;1.938578e-02
9.445285e-08;2.017608e-02
9.484971e-08;1.989630e-02
9.524657e-08;2.262508e-02
9.564343e-08;2.051334e-02
9.604029e-08;2.136206e-02
9.643716e-08;1.803933e-02
9.683401e-08;1.973941e-02
9.723087e-08;1.857585e-02
9.762773e-08;1.894983e-02
9.802459e-08;1.790375e-02
9.842146e-08;1.711589e-02
9.881832e-08;1.824458e-02
9.921518e-08;1.654091e-02
9.961204e-08;1.726880e-02
1.000089e-07;1.806587e-02
1.004058e-07;1.960420e-02
1.008026e-07;2.081065e-02
1.011995e-07;1.993517e-02
1.015963e-07;2.193976e-02
1.019932e-07;2.189673e-02
1.023901e-07;2.251481e-02
1.027869e-07;2.163979e-02
1.031838e-07;2.010192e-02
1.035806e-07;1.807175e-02
1.039775e-07;1.855261e-02
1.043744e-07;1.966638e-02
1.047712e-07;2.073073e-02
1.051681e-07;1.955456e-02
1.055650e-07;1.804319e-02
1.059618e-07;1.796391e-02
1.063587e-07;1.848986e-02
1.067555e-07;2.028809e-02
1.071524e-07;1.889005e-02
1.075493e-07;1.821622e-02
1.079461e-07;1.639577e-02
1.083430e-07;1.942347e-02
1.087398e-07;2.110617e-02
1.091367e-07;2.138984e-02
1.095336e-07;1.808942e-02
1.099304e-07;1.738404e-02
1.103273e-07;1.636532e-02
1.107241e-07;1.729345e-02
1.111210e-07;1.969072e-02
1.115179e-07;2.164770e-02
1.119147e-07;2.236113e-02
1.123116e-07;2.049881e-02
1.127084e-07;1.993597e-02
1.131053e-07;1.993955e-02
1.135022e-07;1.975241e-02
1.138990e-07;2.113983e-02
1.142959e-07;2.122056e-02
1.146927e-07;1.991829e-02
1.150896e-07;2.186146e-02
1.154865e-07;2.288437e-02
1.158833e-07;2.300949e-02
1.162802e-07;2.063734e-02
1.166771e-07;1.913993e-02
1.170739e-07;1.960857e-02
1.174708e-07;1.934259e-02
1.178676e-07;1.920406e-02
1.182645e-07;2.001646e-02
1.186614e-07;2.152073e-02
1.190582e-07;2.254477e-02
1.194551e-07;2.295554e-02
1.198519e-07;2.120035e-02
1.202488e-07;2.128106e-02
1.206457e-07;2.094557e-02
1.210425e-07;2.075887e-02
1.214394e-07;2.111252e-02
1.218362e-07;2.081271e-02
1.222331e-07;2.225015e-02
1.226300e-07;2.210244e-02
1.230268e-07;2.135631e-02
1.234237e-07;2.147349e-02
1.238205e-07;2.236679e-02
1.242174e-07;2.648039e-02
1.246143e-07;2.785350e-02
1.250111e-07;2.758759e-02
1.254080e-07;2.562588e-02
1.258048e-07;2.414524e-02
1.262017e-07;2.314245e-02
1.265986e-07;2.312871e-02
1.269954e-07;2.286938e-02
1.273923e-07;2.521883e-02
1.277891e-07;2.496862e-02
1.281860e-07;2.477459e-02
1.285829e-07;2.402407e-02
1.289797e-07;2.363696e-02
1.293766e-07;2.602854e-02
1.297735e-07;2.648267e-02
1.301703e-07;2.586836e-02
1.305672e-07;2.258917e-02
1.309640e-07;2.257059e-02
1.313609e-07;2.510830e-02
1.317578e-07;2.542928e-02
1.321546e-07;2.429404e-02
1.325515e-07;2.019246e-02
1.329483e-07;2.140674e-02
1.333452e-07;2.101999e-02
1.337421e-07;2.464763e-02
1.341389e-07;2.451044e-02
1.345358e-07;2.392131e-02
1.349326e-07;2.427835e-02
1.353295e-07;2.393291e-02
1.357264e-07;2.444310e-02
1.361232e-07;2.297361e-02
1.365201e-07;2.280266e-02
1.369169e-07;2.352320e-02
1.373138e-07;2.375714e-02
1.377107e-07;2.445388e-02
1.381075e-07;2.266130e-02
1.385044e-07;2.227939e-02
1.389012e-07;2.267090e-02
1.392981e-07;2.320313e-02
1.396950e-07;2.347259e-02
1.400918e-07;2.022599e-02
1.404887e-07;2.212771e-02
1.408855e-07;2.145634e-02
1.412824e-07;2.296064e-02
1.416793e-07;2.110839e-02
1.420761e-07;2.134298e-02
1.424730e-07;2.057995e-02
1.428699e-07;2.273437e-02
1.432667e-07;2.239896e-02
1.436636e-07;2.216857e-02
1.440604e-07;2.134949e-02
1.444573e-07;2.116910e-02
1.448542e-07;2.151109e-02
1.452510e-07;1.964730e-02
1.456479e-07;2.011270e-02
1.460447e-07;2.086185e-02
1.464416e-07;2.174542e-02
1.468385e-07;2.316272e-02
1.472353e-07;2.272402e-02
1.476322e-07;2.345623e-02
1.480290e-07;2.200666e-02
1.484259e-07;2.274529e-02
1.488228e-07;2.293955e-02
1.492196e-07;2.333733e-02
1.496165e-07;2.304963e-02
1.500133e-07;2.227660e-02
1.504102e-07;2.041845e-02
1.508071e-07;2.072897e-02
1.512039e-07;2.079433e-02
1.516008e-07;2.451993e-02
1.519977e-07;2.261511e-02
1.523945e-07;2.431639e-02
1.527914e-07;2.163173e-02
1.531882e-07;2.346311e-02
1.535851e-07;2.278703e-02
1.539820e-07;2.350597e-02
1.543788e-07;2.129760e-02
1.547757e-07;2.188474e-02
1.551725e-07;2.211944e-02
1.555694e-07;2.282276e-02
1.559663e-07;2.057492e-02
1.563631e-07;2.135159e-02
1.567600e-07;2.433007e-02
1.571568e-07;2.513759e-02
1.575537e-07;2.440903e-02
1.579506e-07;2.185645e-02
1.583474e-07;2.290048e-02
1.587443e-07;2.288287e-02
1.591412e-07;2.474523e-02
1.595380e-07;2.323203e-02
1.599349e-07;2.135834e-02
1.603317e-07;2.052690e-02
1.607286e-07;2.117637e-02
1.611254e-07;2.205059e-02
1.615223e-07;2.050915e-02
1.619192e-07;2.045441e-02
1.623160e-07;2.006443e-02
1.627129e-07;2.067935e-02
1.631097e-07;2.361563e-02
1.635066e-07;2.570048e-02
1.639035e-07;2.525927e-02
1.643003e-07;2.317169e-02
1.646972e-07;2.263962e-02
1.650941e-07;2.359260e-02
1.654909e-07;2.337442e-02
1.658878e-07;2.500052e-02
1.662846e-07;2.305753e-02
1.666815e-07;2.213219e-02
1.670784e-07;2.009444e-02
1.674752e-07;2.038553e-02
1.678721e-07;1.935376e-02
1.682689e-07;1.957800e-02
1.686658e-07;2.058828e-02
1.690627e-07;2.003648e-02
1.694595e-07;1.928345e-02
1.698564e-07;1.806310e-02
1.702532e-07;1.766130e-02
1.706501e-07;1.777050e-02
1.710470e-07;2.067800e-02
1.714438e-07;2.352072e-02
1.718407e-07;2.280318e-02
1.722375e-07;1.918354e-02
1.726344e-07;1.824040e-02
1.730313e-07;1.953943e-02
1.734281e-07;2.162378e-02
1.738250e-07;2.263754e-02
1.742219e-07;2.331857e-02
1.746187e-07;2.124898e-02
1.750156e-07;2.043783e-02
1.754124e-07;1.773801e-02
1.758093e-07;1.875073e-02
1.762062e-07;1.836731e-02
1.766030e-07;2.016964e-02
1.769999e-07;1.965611e-02
1.773967e-07;1.880950e-02
1.777936e-07;1.669486e-02
1.781905e-07;1.741416e-02
1.785873e-07;1.738108e-02
1.789842e-07;1.674221e-02
1.793810e-07;1.763470e-02
1.797779e-07;1.725439e-02
1.801748e-07;1.852221e-02
1.805716e-07;1.674199e-02
1.809685e-07;1.768559e-02
1.813654e-07;1.825206e-02
1.817622e-07;1.857244e-02
1.821591e-07;1.880876e-02
1.825559e-07;1.871248e-02
1.829528e-07;2.029735e-02
1.833497e-07;1.968527e-02
1.837465e-07;1.918999e-02
1.841434e-07;1.732466e-02
1.845402e-07;1.789783e-02
1.849371e-07;2.049973e-02
1.853339e-07;2.106433e-02
1.857308e-07;2.143099e-02
1.861277e-07;1.961198e-02
1.865245e-07;1.806728e-02
1.869214e-07;1.672878e-02
1.873182e-07;1.633942e-02
1.877151e-07;1.698974e-02
1.881120e-07;1.882731e-02
1.885088e-07;1.912861e-02
1.889057e-07;1.960093e-02
1.893026e-07;1.782934e-02
1.896994e-07;1.694343e-02
1.900963e-07;1.641288e-02
1.904931e-07;1.672877e-02
1.908900e-07;1.781194e-02
1.912869e-07;1.948408e-02
1.916837e-07;1.970466e-02
1.920806e-07;2.042730e-02
1.924774e-07;2.055900e-02
1.928743e-07;2.087056e-02
1.932712e-07;1.920602e-02
1.936680e-07;1.821050e-02
1.940649e-07;1.747146e-02
1.944617e-07;1.646904e-02
1.948586e-07;1.570106e-02
1.952555e-07;1.623580e-02
1.956523e-07;2.046378e-02
1.960492e-07;2.205312e-02
1.964461e-07;2.303255e-02
1.968429e-07;2.211203e-02
1.972398e-07;2.082536e-02
1.976366e-07;2.073188e-02
1.980335e-07;1.881648e-02
1.984304e-07;1.873759e-02
1.988272e-07;1.915697e-02
1.992241e-07;1.879914e-02
1.996209e-07;1.814823e-02
2.000178e-07;1.748847e-02
2.004147e-07;2.022042e-02
2.008115e-07;2.119899e-02
2.012084e-07;2.195796e-02
2.016052e-07;1.998792e-02
2.020021e-07;2.017741e-02
2.023990e-07;1.914188e-02
2.027958e-07;2.048952e-02
2.031927e-07;2.037833e-02
2.035896e-07;2.100583e-02
2.039864e-07;1.905976e-02
2.043833e-07;1.944760e-02
2.047801e-07;1.959990e-02
2.051770e-07;1.982904e-02
2.055739e-07;1.829403e-02
2.059707e-07;1.743007e-02
2.063676e-07;1.871810e-02
2.067644e-07;2.078029e-02
2.071613e-07;2.131692e-02
2.075581e-07;2.136942e-02
2.079550e-07;2.169503e-02
2.083519e-07;2.204254e-02
2.087487e-07;2.048404e-02
2.091456e-07;2.036006e-02
2.095424e-07;2.074760e-02
2.099393e-07;2.125939e-02
2.103362e-07;2.062376e-02
2.107330e-07;2.009990e-02
2.111299e-07;1.992945e-02
2.115268e-07;1.932040e-02
2.119236e-07;2.010111e-02
2.123205e-07;1.964467e-02
2.127173e-07;2.093208e-02
2.131142e-07;2.071930e-02
2.135111e-07;2.094093e-02
2.139079e-07;2.008693e-02
2.143048e-07;1.803571e-02
2.147016e-07;1.671290e-02
2.150985e-07;1.704897e-02
2.154954e-07;1.918516e-02
2.158922e-07;1.947037e-02
2.162891e-07;2.030057e-02
2.166859e-07;1.968327e-02
2.170828e-07;2.124205e-02
2.174797e-07;2.032128e-02
2.178765e-07;1.951000e-02
2.182734e-07;1.745997e-02
2.186703e-07;1.817075e-02
2.190671e-07;1.957241e-02
2.194640e-07;2.076686e-02
2.198608e-07;2.203887e-02
2.202577e-07;2.114315e-02
2.206546e-07;2.087864e-02
2.210514e-07;1.772067e-02
2.214483e-07;1.691728e-02
2.218451e-07;1.596165e-02
2.222420e-07;1.647075e-02
2.226389e-07;1.610988e-02
2.230357e-07;1.827511e-02
2.234326e-07;1.921214e-02
2.238294e-07;1.952446e-02
2.242263e-07;1.774168e-02
2.246232e-07;1.758990e-02
2.250200e-07;1.914651e-02
2.254169e-07;2.079227e-02
2.258137e-07;2.214371e-02
2.262106e-07;2.409043e-02
2.266075e-07;2.388799e-02
2.270043e-07;2.258154e-02
2.274012e-07;1.965820e-02
2.277981e-07;1.907162e-02
2.281949e-07;1.883631e-02
2.285918e-07;1.953029e-02
2.289886e-07;1.904820e-02
2.293855e-07;1.886784e-02
2.297824e-07;1.967589e-02
2.301792e-07;1.959247e-02
2.305761e-07;2.089740e-02
2.309729e-07;2.100719e-02
2.313698e-07;2.188650e-02
2.317666e-07;2.235194e-02
2.321635e-07;2.117345e-02
2.325604e-07;2.141711e-02
2.329572e-07;2.148203e-02
2.333541e-07;2.057871e-02
2.337510e-07;2.000119e-02
2.341478e-07;1.856625e-02
2.345447e-07;2.299566e-02
2.349415e-07;2.287277e-02
2.353384e-07;2.428854e-02
2.357353e-07;2.248593e-02
2.361321e-07;2.471687e-02
2.365290e-07;2.263025e-02
2.369258e-07;2.106416e-02
2.373227e-07;2.096930e-02
2.377196e-07;2.201986e-02
2.381164e-07;2.264336e-02
2.385133e-07;2.338948e-02
2.389102e-07;2.170605e-02
2.393070e-07;2.161500e-02
2.397039e-07;1.861432e-02
2.401007e-07;2.087853e-02
2.404976e-07;1.972286e-02
2.408945e-07;1.949626e-02
2.412913e-07;1.841936e-02
2.416882e-07;2.063502e-02
2.420850e-07;1.935589e-02
2.424819e-07;2.026658e-02
2.428787e-07;1.830016e-02
2.432756e-07;2.311892e-02
2.436725e-07;2.126869e-02
2.440693e-07;2.293813e-02
2.444662e-07;2.045392e-02
2.448631e-07;2.062136e-02
2.452599e-07;1.968639e-02
2.456568e-07;2.266028e-02
2.460536e-07;2.293529e-02
2.464505e-07;2.273578e-02
2.468473e-07;1.978909e-02
2.472442e-07;1.903206e-02
2.476411e-07;1.978751e-02
2.480379e-07;1.933365e-02
2.484348e-07;2.010203e-02
2.488317e-07;2.045326e-02
2.492285e-07;2.204963e-02
2.496254e-07;2.104663e-02
2.500223e-07;2.174924e-02
2.504191e-07;2.053691e-02
2.508160e-07;2.251526e-02
2.512128e-07;2.208893e-02
2.516097e-07;2.088204e-02
2.520065e-07;2.058456e-02
2.524034e-07;1.933501e-02
2.528003e-07;2.161442e-02
2.531971e-07;2.147201e-02
2.535940e-07;2.416744e-02
2.539909e-07;2.222494e-02
2.543877e-07;2.502037e-02
2.547846e-07;2.303090e-02
2.551814e-07;2.377793e-02
2.555783e-07;2.180529e-02
2.559752e-07;2.326637e-02
2.563720e-07;2.308088e-02
2.567689e-07;2.167768e-02
2.571657e-07;2.118991e-02
2.575626e-07;2.156051e-02
2.579595e-07;2.132830e-02
2.583563e-07;2.129154e-02
2.587532e-07;2.150131e-02
2.591501e-07;2.262594e-02
2.595469e-07;2.091346e-02
2.599438e-07;2.110469e-02
2.603406e-07;2.064673e-02
2.607375e-07;2.146747e-02
2.611343e-07;1.995212e-02
2.615312e-07;2.056924e-02
2.619281e-07;2.110744e-02
2.623249e-07;2.411048e-02
2.627218e-07;2.379191e-02
2.631187e-07;2.314329e-02
2.635155e-07;2.249671e-02
2.639124e-07;2.184516e-02
2.643092e-07;2.307632e-02
2.647061e-07;2.378273e-02
2.651030e-07;2.333712e-02
2.654998e-07;2.280778e-02
2.658967e-07;2.103796e-02
2.662935e-07;2.075527e-02
2.666904e-07;2.181473e-02
2.670872e-07;2.406524e-02
2.674841e-07;2.588014e-02
2.678810e-07;2.582132e-02
2.682778e-07;2.395464e-02
2.686747e-07;2.471515e-02
2.690716e-07;2.336280e-02
2.694684e-07;2.369205e-02
2.698653e-07;2.297629e-02
2.702621e-07;2.446251e-02
2.706590e-07;2.408477e-02
2.710559e-07;2.443042e-02
2.714527e-07;2.392738e-02
2.718496e-07;2.696735e-02
2.722464e-07;2.359015e-02
2.726433e-07;2.251687e-02
2.730402e-07;2.265335e-02
2.734370e-07;2.534596e-02
2.738339e-07;2.439032e-02
2.742308e-07;2.154848e-02
2.746276e-07;2.158800e-02
2.750245e-07;2.487566e-02
2.754213e-07;2.571315e-02
2.758182e-07;2.321921e-02
2.762150e-07;2.211381e-02
2.766119e-07;2.353646e-02
2.770088e-07;2.561186e-02
2.774056e-07;2.568243e-02
2.778025e-07;2.472736e-02
2.781994e-07;2.518220e-02
2.785962e-07;2.269239e-02
2.789931e-07;2.367176e-02
2.793900e-07;2.236554e-02
2.797868e-07;2.617378e-02
2.801837e-07;2.507692e-02
2.805805e-07;2.517536e-02
2.809774e-07;2.408721e-02
2.813742e-07;2.700428e-02
2.817711e-07;3.065605e-02
2.821680e-07;3.089287e-02
2.825648e-07;2.768655e-02
2.829617e-07;2.481068e-02
2.833586e-07;2.344321e-02
2.837554e-07;2.489673e-02
2.841523e-07;2.375297e-02
2.845491e-07;2.234988e-02
2.849460e-07;2.111208e-02
2.853428e-07;2.229652e-02
2.857397e-07;2.401355e-02
2.861366e-07;2.467619e-02
2.865334e-07;2.337558e-02
2.869303e-07;2.292677e-02
2.873272e-07;2.280058e-02
2.877240e-07;2.283650e-02
2.881209e-07;2.320020e-02
2.885177e-07;2.227781e-02
2.889146e-07;2.273501e-02
2.893115e-07;2.283956e-02
2.897083e-07;2.347081e-02
2.901052e-07;2.384304e-02
2.905020e-07;2.121063e-02
2.908989e-07;2.075694e-02
2.912957e-07;1.874569e-02
2.916926e-07;1.987503e-02
2.920895e-07;2.211738e-02
2.924863e-07;2.509681e-02
2.928832e-07;2.697837e-02
2.932801e-07;2.507009e-02
2.936769e-07;2.351720e-02
2.940738e-07;2.350318e-02
2.944707e-07;2.414455e-02
2.948675e-07;2.452855e-02
2.952644e-07;2.347981e-02
2.956612e-07;2.254957e-02
2.960581e-07;2.256298e-02
2.964549e-07;2.584823e-02
2.968518e-07;2.385466e-02
2.972487e-07;2.549700e-02
2.976455e-07;2.547880e-02
2.980424e-07;2.743515e-02
2.984393e-07;2.291118e-02
2.988361e-07;2.107700e-02
2.992330e-07;1.966651e-02
2.996298e-07;2.308093e-02
3.000267e-07;2.496148e-02
3.004236e-07;2.623311e-02
3.008204e-07;2.648634e-02
3.012173e-07;2.607038e-02
3.016141e-07;2.488101e-02
3.020110e-07;2.379981e-02
3.024079e-07;2.209650e-02
3.028047e-07;2.205704e-02
3.032016e-07;2.111090e-02
3.035985e-07;2.423253e-02
3.039953e-07;2.603988e-02
3.043922e-07;2.648770e-02
3.047890e-07;2.608866e-02
3.051859e-07;2.274588e-02
3.055827e-07;2.484083e-02
3.059796e-07;2.381668e-02
3.063765e-07;2.563958e-02
3.067733e-07;2.519711e-02
3.071702e-07;2.395296e-02
3.075671e-07;2.311791e-02
3.079639e-07;2.255833e-02
3.083608e-07;2.202654e-02
3.087576e-07;2.034852e-02
3.091545e-07;1.947684e-02
3.095514e-07;2.038375e-02
3.099482e-07;2.255483e-02
3.103451e-07;2.423252e-02
3.107419e-07;2.456875e-02
3.111388e-07;2.649166e-02
3.115357e-07;2.480790e-02
3.119325e-07;2.380016e-02
3.123294e-07;2.263922e-02
3.127262e-07;2.234781e-02
3.131231e-07;1.982952e-02
3.135200e-07;1.782378e-02
3.139168e-07;1.837025e-02
3.143137e-07;2.081488e-02
3.147105e-07;2.016694e-02
3.151074e-07;2.289757e-02
3.155043e-07;2.295343e-02
3.159011e-07;2.446377e-02
3.162980e-07;2.041644e-02
3.166948e-07;1.885838e-02
3.170917e-07;1.903572e-02
3.174886e-07;2.154887e-02
3.178854e-07;2.350833e-02
3.182823e-07;2.523036e-02
3.186792e-07;2.374471e-02
3.190760e-07;2.287817e-02
3.194729e-07;2.023522e-02
3.198697e-07;2.018991e-02
3.202666e-07;1.824705e-02
3.206634e-07;1.837969e-02
3.210603e-07;1.593366e-02
3.214572e-07;1.719781e-02
3.218540e-07;1.670195e-02
3.222509e-07;2.066149e-02
3.226478e-07;2.021484e-02
3.230446e-07;2.261457e-02
3.234415e-07;2.242668e-02
3.238383e-07;2.517671e-02
3.242352e-07;2.442059e-02
3.246321e-07;2.276125e-02
3.250289e-07;2.319291e-02
3.254258e-07;2.101728e-02
3.258226e-07;1.999394e-02
3.262195e-07;1.727664e-02
3.266164e-07;1.791124e-02
3.270132e-07;2.025296e-02
3.274101e-07;2.242037e-02
3.278070e-07;2.259595e-02
3.282038e-07;2.093784e-02
3.286007e-07;2.067676e-02
3.289975e-07;1.976532e-02
3.293944e-07;2.214040e-02
3.297912e-07;2.150518e-02
3.301881e-07;2.145043e-02
3.305850e-07;2.097600e-02
3.309818e-07;2.364031e-02
3.313787e-07;2.406721e-02
3.317756e-07;2.245286e-02
3.321724e-07;2.001628e-02
3.325693e-07;1.984346e-02
3.329661e-07;2.194916e-02
3.333630e-07;2.373288e-02
3.337599e-07;2.457356e-02
3.341567e-07;2.559212e-02
3.345536e-07;2.445676e-02
3.349504e-07;2.463297e-02
3.353473e-07;2.401853e-02
3.357442e-07;2.278965e-02
3.361410e-07;2.260000e-02
3.365379e-07;2.328025e-02
3.369347e-07;2.473372e-02
3.373316e-07;2.517216e-02
3.377285e-07;2.373802e-02
3.381253e-07;2.564594e-02
3.385222e-07;2.431409e-02
3.389191e-07;2.514850e-02
3.393159e-07;2.395425e-02
3.397128e-07;2.207082e-02
3.401096e-07;2.241053e-02
3.405065e-07;2.250523e-02
3.409033e-07;2.452462e-02
3.413002e-07;2.491897e-02
3.416971e-07;2.314591e-02
3.420939e-07;2.389355e-02
3.424908e-07;2.322466e-02
3.428877e-07;2.619749e-02
3.432845e-07;2.578949e-02
3.436814e-07;2.315124e-02
3.440782e-07;2.089970e-02
3.444751e-07;2.011496e-02
3.448719e-07;2.152182e-02
3.452688e-07;2.435946e-02
3.456657e-07;2.354304e-02
3.460625e-07;2.376168e-02
3.464594e-07;1.879822e-02
3.468563e-07;1.933701e-02
3.472531e-07;2.074781e-02
3.476500e-07;2.321932e-02
3.480469e-07;2.567539e-02
3.484437e-07;2.349275e-02
3.488406e-07;2.251476e-02
3.492374e-07;2.175675e-02
3.496343e-07;2.037820e-02
3.500311e-07;2.182873e-02
3.504280e-07;2.164311e-02
3.508249e-07;2.157730e-02
3.512217e-07;1.915372e-02
3.516186e-07;1.880491e-02
3.520155e-07;1.956805e-02
3.524123e-07;2.126093e-02
3.528092e-07;2.103411e-02
3.532060e-07;2.275766e-02
3.536029e-07;2.420128e-02
3.539998e-07;2.474963e-02
3.543966e-07;2.430624e-02
3.547935e-07;2.322450e-02
3.551903e-07;2.160165e-02
3.555872e-07;2.211588e-02
3.559841e-07;2.121543e-02
3.563809e-07;2.264380e-02
3.567778e-07;2.255893e-02
3.571746e-07;2.253561e-02
3.575715e-07;2.532809e-02
3.579684e-07;2.382150e-02
3.583652e-07;2.555882e-02
3.587621e-07;2.067011e-02
3.591589e-07;2.156401e-02
3.595558e-07;2.310501e-02
3.599527e-07;2.485882e-02
3.603495e-07;2.345004e-02
3.607464e-07;2.112460e-02
3.611432e-07;2.170747e-02
3.615401e-07;2.331768e-02
3.619370e-07;2.386985e-02
3.623338e-07;2.156842e-02
3.627307e-07;1.978526e-02
3.631276e-07;2.200855e-02
3.635244e-07;2.187668e-02
3.639213e-07;2.206896e-02
3.643181e-07;1.807228e-02
3.647150e-07;1.911077e-02
3.651118e-07;2.092924e-02
3.655087e-07;2.084796e-02
3.659056e-07;2.081977e-02
3.663024e-07;2.094607e-02
3.666993e-07;2.172572e-02
3.670962e-07;2.180491e-02
3.674930e-07;2.055287e-02
3.678899e-07;2.014088e-02
3.682867e-07;2.164178e-02
3.686836e-07;2.195717e-02
3.690805e-07;2.303780e-02
3.694773e-07;2.294977e-02
3.698742e-07;2.133948e-02
3.702710e-07;2.203728e-02
3.706679e-07;1.993733e-02
3.710648e-07;2.181091e-02
3.714616e-07;1.998899e-02
3.718585e-07;2.310821e-02
3.722554e-07;2.290621e-02
3.726522e-07;2.288528e-02
3.730491e-07;2.154271e-02
3.734459e-07;2.141624e-02
3.738428e-07;2.395804e-02
3.742396e-07;2.266399e-02
3.746365e-07;2.332728e-02
3.750334e-07;2.134452e-02
3.754302e-07;2.190273e-02
3.758271e-07;2.165531e-02
3.762240e-07;2.235518e-02
3.766208e-07;2.096548e-02
3.770177e-07;1.905274e-02
3.774145e-07;1.796448e-02
3.778114e-07;1.933172e-02
3.782083e-07;2.124711e-02
3.786051e-07;2.043755e-02
3.790020e-07;2.042829e-02
3.793988e-07;1.843413e-02
3.797957e-07;1.933773e-02
3.801926e-07;1.944211e-02
3.805894e-07;2.039558e-02
3.809863e-07;1.992569e-02
3.813831e-07;1.974528e-02
3.817800e-07;1.941033e-02
3.821769e-07;1.987334e-02
3.825737e-07;1.859984e-02
3.829706e-07;1.777478e-02
3.833674e-07;1.701545e-02
3.837643e-07;1.676645e-02
3.841612e-07;1.822027e-02
3.845580e-07;1.925590e-02
3.849549e-07;2.193022e-02
3.853517e-07;2.279009e-02
3.857486e-07;2.334059e-02
3.861455e-07;2.160618e-02
3.865423e-07;1.912730e-02
