0.000000e+00;9.916377e-02
3.968607e-10;1.059053e-01
7.937214e-10;1.073314e-01
1.190582e-09;1.096936e-01
1.587443e-09;1.082701e-01
1.984304e-09;1.068024e-01
2.381164e-09;1.051895e-01
2.778025e-09;1.042999e-01
3.174886e-09;1.050143e-01
3.571746e-09;1.056920e-01
3.968607e-09;1.048092e-01
4.365468e-09;1.025784e-01
4.762328e-09;9.942883e-02
5.159189e-09;9.673213e-02
5.556050e-09;9.768615e-02
5.952911e-09;9.822814e-02
6.349771e-09;1.000531e-01
6.746632e-09;9.953687e-02
7.143493e-09;9.886812e-02
7.540353e-09;1.006518e-01
7.937214e-09;1.000154e-01
8.334075e-09;1.051269e-01
8.730936e-09;1.032203e-01
9.127796e-09;1.044488e-01
9.524657e-09;1.034831e-01
9.921518e-09;1.046613e-01
1.031838e-08;1.043257e-01
1.071524e-08;1.009420e-01
1.111210e-08;1.016897e-01
1.150896e-08;1.020187e-01
1.190582e-08;1.054178e-01
1.230268e-08;1.044453e-01
1.269954e-08;1.034058e-01
1.309640e-08;1.043825e-01
1.349326e-08;1.050114e-01
1.389012e-08;1.072039e-01
1.428699e-08;1.052651e-01
1.468385e-08;1.062239e-01
1.508071e-08;1.076571e-01
1.547757e-08;1.099588e-01
1.587443e-08;1.077492e-01
1.627129e-08;1.080261e-01
1.666815e-08;1.082520e-01
1.706501e-08;1.108720e-01
1.746187e-08;1.079349e-01
1.785873e-08;1.093401e-01
1.825559e-08;1.085330e-01
1.865245e-08;1.085310e-01
1.904931e-08;1.070139e-01
1.944617e-08;1.069610e-01
1.984304e-08;1.091909e-01
2.023990e-08;1.081068e-01
2.063676e-08;1.090242e-01
2.103362e-08;1.082241e-01
2.143048e-08;1.088623e-01
2.182734e-08;1.082510e-01
2.222420e-08;1.088697e-01
2.262106e-08;1.088369e-01
2.301792e-08;1.108451e-01
2.341478e-08;1.076684e-01
2.381164e-08;1.089345e-01
2.420850e-08;1.072239e-01
2.460536e-08;1.082004e-01
2.500222e-08;1.067361e-01
2.539909e-08;1.050723e-01
2.579595e-08;1.022546e-01
2.619281e-08;1.023895e-01
2.658967e-08;1.011551e-01
2.698653e-08;1.038604e-01
2.738339e-08;1.018446e-01
2.778025e-08;1.040677e-01
2.817711e-08;1.030576e-01
2.857397e-08;1.014790e-01
2.897083e-08;9.954309e-02
2.936769e-08;9.944715e-02
2.976455e-08;1.001755e-01
3.016141e-08;1.004968e-01
3.055828e-08;9.831283e-02
3.095514e-08;9.922007e-02
3.135199e-08;9.981403e-02
3.174886e-08;1.021232e-01
3.214572e-08;1.016290e-01
3.254258e-08;1.000913e-01
3.293944e-08;9.695452e-02
3.333630e-08;9.291488e-02
3.373316e-08;9.129003e-02
3.413002e-08;9.172093e-02
3.452688e-08;9.653942e-02
3.492374e-08;9.788210e-02
3.532060e-08;9.844145e-02
3.571746e-08;9.748970e-02
3.611433e-08;9.798708e-02
3.651119e-08;9.592219e-02
3.690804e-08;9.515327e-02
3.730491e-08;9.275480e-02
3.770177e-08;9.500080e-02
3.809863e-08;9.480448e-02
3.849549e-08;9.654821e-02
3.889235e-08;9.365726e-02
3.928921e-08;9.451627e-02
3.968607e-08;9.120962e-02
4.008293e-08;9.164080e-02
4.047979e-08;8.612884e-02
4.087665e-08;8.836246e-02
4.127351e-08;8.924179e-02
4.167038e-08;8.972986e-02
4.206724e-08;8.683684e-02
4.246409e-08;8.457977e-02
4.286096e-08;8.680584e-02
4.325782e-08;8.619284e-02
4.365468e-08;8.785698e-02
4.405154e-08;8.409807e-02
4.444840e-08;8.529723e-02
4.484526e-08;8.676531e-02
4.524212e-08;8.958273e-02
4.563898e-08;8.995607e-02
4.603584e-08;8.972678e-02
4.643270e-08;9.062611e-02
4.682956e-08;9.357609e-02
4.722643e-08;9.212852e-02
4.762328e-08;9.160934e-02
4.802014e-08;9.582333e-02
4.841701e-08;1.002265e-01
4.881387e-08;1.033155e-01
4.921073e-08;1.020796e-01
4.960759e-08;9.875014e-02
5.000445e-08;9.914896e-02
5.040131e-08;9.847060e-02
5.079817e-08;1.020031e-01
5.119503e-08;1.026768e-01
5.159189e-08;1.019711e-01
5.198875e-08;1.019547e-01
5.238561e-08;1.055127e-01
5.278248e-08;1.081421e-01
5.317933e-08;1.060425e-01
5.357620e-08;1.044417e-01
5.397306e-08;1.034317e-01
5.436992e-08;1.091267e-01
5.476678e-08;1.135291e-01
5.516364e-08;1.175878e-01
5.556050e-08;1.178911e-01
5.595736e-08;1.156349e-01
5.635422e-08;1.140364e-01
5.675108e-08;1.105623e-01
5.714794e-08;1.094760e-01
5.754480e-08;1.131404e-01
5.794166e-08;1.143921e-01
5.833853e-08;1.166622e-01
5.873538e-08;1.134199e-01
5.913225e-08;1.158382e-01
5.952911e-08;1.120878e-01
5.992597e-08;1.114229e-01
6.032283e-08;1.110040e-01
6.071969e-08;1.083951e-01
6.111655e-08;1.105399e-01
6.151341e-08;1.105330e-01
6.191027e-08;1.102827e-01
6.230713e-08;1.053138e-01
6.270399e-08;9.885849e-02
6.310086e-08;9.725671e-02
6.349772e-08;9.457193e-02
6.389457e-08;9.553350e-02
6.429143e-08;9.690524e-02
6.468829e-08;9.916359e-02
6.508515e-08;9.586936e-02
6.548202e-08;9.714580e-02
6.587888e-08;9.511665e-02
6.627574e-08;9.678268e-02
6.667260e-08;9.426811e-02
6.706946e-08;9.143686e-02
6.746632e-08;9.072699e-02
6.786318e-08;8.943142e-02
6.826004e-08;9.309687e-02
6.865690e-08;9.447522e-02
6.905376e-08;9.803660e-02
6.945062e-08;9.961295e-02
6.984749e-08;9.594486e-02
7.024435e-08;9.638885e-02
7.064121e-08;9.550943e-02
7.103807e-08;9.611223e-02
7.143493e-08;9.335832e-02
7.183179e-08;9.436383e-02
7.222865e-08;9.497038e-02
7.262551e-08;9.402153e-02
7.302237e-08;9.367981e-02
7.341923e-08;9.502356e-02
7.381609e-08;9.841695e-02
7.421296e-08;9.490453e-02
7.460982e-08;9.743264e-02
7.500667e-08;9.700741e-02
7.540353e-08;1.002514e-01
7.580039e-08;9.460890e-02
7.619725e-08;9.573255e-02
7.659412e-08;9.414881e-02
7.699098e-08;9.698996e-02
7.738784e-08;9.766975e-02
7.778470e-08;1.008203e-01
7.818156e-08;1.055516e-01
7.857842e-08;1.047498e-01
7.897528e-08;1.010476e-01
7.937214e-08;9.878805e-02
7.976900e-08;9.815485e-02
8.016586e-08;9.996890e-02
8.056272e-08;9.906039e-02
8.095959e-08;1.002584e-01
8.135645e-08;9.715387e-02
8.175331e-08;9.692849e-02
8.215017e-08;9.370450e-02
8.254703e-08;9.293193e-02
8.294389e-08;9.111912e-02
8.334075e-08;8.921054e-02
8.373761e-08;8.959600e-02
8.413447e-08;9.101966e-02
8.453133e-08;9.162340e-02
8.492819e-08;9.254542e-02
8.532506e-08;9.114791e-02
8.572191e-08;9.061681e-02
8.611877e-08;8.827492e-02
8.651563e-08;8.483098e-02
8.691249e-08;8.660732e-02
8.730936e-08;8.915982e-02
8.770622e-08;9.359179e-02
8.810308e-08;9.375517e-02
8.849994e-08;9.468379e-02
8.889680e-08;9.165225e-02
8.929366e-08;9.086656e-02
8.969052e-08;8.918033e-02
9.008738e-08;8.983751e-02
9.048424e-08;9.061725e-02
9.088110e-08;8.982566e-02
9.127796e-08;9.207592e-02
9.167483e-08;9.397909e-02
9.207169e-08;9.826893e-02
9.246855e-08;1.000539e-01
9.286541e-08;9.924667e-02
9.326227e-08;9.670606e-02
9.365912e-08;9.565230e-02
9.405599e-08;1.012466e-01
9.445285e-08;1.047636e-01
9.484971e-08;1.090770e-01
9.524657e-08;1.103887e-01
9.564343e-08;1.134918e-01
9.604029e-08;1.120287e-01
9.643716e-08;1.063648e-01
9.683401e-08;1.030036e-01
9.723087e-08;1.031961e-01
9.762773e-08;1.073509e-01
9.802459e-08;1.087524e-01
9.842146e-08;1.100872e-01
9.881832e-08;1.108354e-01
9.921518e-08;1.155176e-01
9.961204e-08;1.164971e-01
1.000089e-07;1.191860e-01
1.004058e-07;1.170791e-01
1.008026e-07;1.177082e-01
1.011995e-07;1.149902e-01
1.015963e-07;1.154951e-01
1.019932e-07;1.128501e-01
1.023901e-07;1.131416e-01
1.027869e-07;1.122321e-01
1.031838e-07;1.151327e-01
1.035806e-07;1.148309e-01
1.039775e-07;1.102006e-01
1.043744e-07;1.102286e-01
1.047712e-07;1.130301e-01
1.051681e-07;1.159806e-01
1.055650e-07;1.136281e-01
1.059618e-07;1.094898e-01
1.063587e-07;1.104805e-01
1.067555e-07;1.112505e-01
1.071524e-07;1.118122e-01
1.075493e-07;1.069056e-01
1.079461e-07;1.055476e-01
1.083430e-07;1.006225e-01
1.087398e-07;9.960794e-02
1.091367e-07;9.929539e-02
1.095336e-07;1.027364e-01
1.099304e-07;1.045244e-01
1.103273e-07;1.024868e-01
1.107241e-07;1.000335e-01
1.111210e-07;1.013885e-01
1.115179e-07;9.974489e-02
1.119147e-07;9.749018e-02
1.123116e-07;9.600081e-02
1.127084e-07;9.683606e-02
1.131053e-07;9.909186e-02
1.135022e-07;9.603047e-02
1.138990e-07;9.320123e-02
1.142959e-07;8.825019e-02
1.146927e-07;8.890868e-02
1.150896e-07;9.076536e-02
1.154865e-07;9.248386e-02
1.158833e-07;9.476832e-02
1.162802e-07;9.387389e-02
1.166771e-07;9.442908e-02
1.170739e-07;9.205584e-02
1.174708e-07;8.990601e-02
1.178676e-07;8.846258e-02
1.182645e-07;8.927649e-02
1.186614e-07;8.935360e-02
1.190582e-07;9.173482e-02
1.194551e-07;8.841901e-02
1.198519e-07;8.822628e-02
1.202488e-07;8.628549e-02
1.206457e-07;8.958974e-02
1.210425e-07;9.126955e-02
1.214394e-07;9.239455e-02
1.218362e-07;9.031811e-02
1.222331e-07;9.281207e-02
1.226300e-07;9.267300e-02
1.230268e-07;9.318587e-02
1.234237e-07;9.066191e-02
1.238205e-07;8.809118e-02
1.242174e-07;8.622792e-02
1.246143e-07;8.487186e-02
1.250111e-07;8.712507e-02
1.254080e-07;8.732191e-02
1.258048e-07;8.977724e-02
1.262017e-07;8.677793e-02
1.265986e-07;8.820637e-02
1.269954e-07;8.411100e-02
1.273923e-07;8.585437e-02
1.277891e-07;8.542384e-02
1.281860e-07;8.560459e-02
1.285829e-07;8.275383e-02
1.289797e-07;8.095541e-02
1.293766e-07;8.384364e-02
1.297735e-07;8.002029e-02
1.301703e-07;8.081144e-02
1.305672e-07;8.080015e-02
1.309640e-07;8.702792e-02
1.313609e-07;8.851293e-02
1.317578e-07;8.787479e-02
1.321546e-07;8.617347e-02
1.325515e-07;8.546018e-02
1.329483e-07;8.297098e-02
1.333452e-07;8.222038e-02
1.337421e-07;7.990330e-02
1.341389e-07;8.350637e-02
1.345358e-07;8.775964e-02
1.349326e-07;9.238188e-02
1.353295e-07;9.410211e-02
1.357264e-07;8.953874e-02
1.361232e-07;8.910507e-02
1.365201e-07;8.793089e-02
1.369169e-07;9.126988e-02
1.373138e-07;9.146959e-02
1.377107e-07;8.918545e-02
1.381075e-07;8.661947e-02
1.385044e-07;8.226473e-02
1.389012e-07;8.258121e-02
1.392981e-07;8.560106e-02
1.396950e-07;8.886873e-02
1.400918e-07;8.807076e-02
1.404887e-07;8.543708e-02
1.408855e-07;8.618314e-02
1.412824e-07;8.571431e-02
1.416793e-07;8.695600e-02
1.420761e-07;8.618204e-02
1.424730e-07;8.817706e-02
1.428699e-07;8.847168e-02
1.432667e-07;8.636823e-02
1.436636e-07;8.524036e-02
1.440604e-07;8.667909e-02
1.444573e-07;8.735949e-02
1.448542e-07;9.026814e-02
1.452510e-07;8.878840e-02
1.456479e-07;8.892937e-02
1.460447e-07;8.780232e-02
1.464416e-07;8.962212e-02
1.468385e-07;9.282926e-02
1.472353e-07;9.400926e-02
1.476322e-07;9.377596e-02
1.480290e-07;9.473402e-02
1.484259e-07;9.226178e-02
1.488228e-07;9.125685e-02
1.492196e-07;9.100752e-02
1.496165e-07;9.185497e-02
1.500133e-07;9.164347e-02
1.504102e-07;8.791716e-02
1.508071e-07;9.031727e-02
1.512039e-07;8.952570e-02
1.516008e-07;9.069248e-02
1.519977e-07;9.014777e-02
1.523945e-07;9.280998e-02
1.527914e-07;8.758774e-02
1.531882e-07;8.685606e-02
1.535851e-07;8.364688e-02
1.539820e-07;8.995216e-02
1.543788e-07;9.048418e-02
1.547757e-07;9.035104e-02
1.551725e-07;8.860143e-02
1.555694e-07;8.446393e-02
1.559663e-07;8.392558e-02
1.563631e-07;8.694404e-02
1.567600e-07;8.854552e-02
1.571568e-07;9.215575e-02
1.575537e-07;8.714978e-02
1.579506e-07;8.656753e-02
1.583474e-07;8.168816e-02
1.587443e-07;8.578410e-02
1.591412e-07;8.747645e-02
1.595380e-07;8.950128e-02
1.599349e-07;8.735224e-02
1.603317e-07;8.675905e-02
1.607286e-07;8.915053e-02
1.611254e-07;8.747371e-02
1.615223e-07;8.741795e-02
1.619192e-07;8.436877e-02
1.623160e-07;8.386328e-02
1.627129e-07;8.293195e-02
1.631097e-07;8.353274e-02
1.635066e-07;8.674283e-02
1.639035e-07;8.847526e-02
1.643003e-07;8.862110e-02
1.646972e-07;8.472163e-02
1.650941e-07;8.426049e-02
1.654909e-07;8.336252e-02
1.658878e-07;8.699100e-02
1.662846e-07;8.568051e-02
1.666815e-07;8.366054e-02
1.670784e-07;8.293591e-02
1.674752e-07;8.362725e-02
1.678721e-07;8.639935e-02
1.682689e-07;8.122959e-02
1.686658e-07;7.869594e-02
1.690627e-07;7.924053e-02
1.694595e-07;8.238690e-02
1.698564e-07;8.135309e-02
1.702532e-07;8.003885e-02
1.706501e-07;7.998494e-02
1.710470e-07;8.296055e-02
1.714438e-07;8.233301e-02
1.718407e-07;8.153745e-02
1.722375e-07;8.104289e-02
1.726344e-07;8.426931e-02
1.730313e-07;8.638733e-02
1.734281e-07;8.748713e-02
1.738250e-07;8.590148e-02
1.742219e-07;8.463120e-02
1.746187e-07;8.482210e-02
1.750156e-07;8.542694e-02
1.754124e-07;8.494142e-02
1.758093e-07;8.386113e-02
1.762062e-07;8.417480e-02
1.766030e-07;8.790136e-02
1.769999e-07;9.249835e-02
1.773967e-07;9.325092e-02
1.777936e-07;9.499449e-02
1.781905e-07;9.307683e-02
1.785873e-07;9.455108e-02
1.789842e-07;9.560431e-02
1.793810e-07;9.730387e-02
1.797779e-07;9.912866e-02
1.801748e-07;1.015716e-01
1.805716e-07;1.014430e-01
1.809685e-07;1.002033e-01
1.813654e-07;9.638827e-02
1.817622e-07;9.535094e-02
1.821591e-07;9.481930e-02
1.825559e-07;9.554813e-02
1.829528e-07;9.761123e-02
1.833497e-07;9.837078e-02
1.837465e-07;1.003826e-01
1.841434e-07;9.928478e-02
1.845402e-07;9.631253e-02
1.849371e-07;9.661050e-02
1.853339e-07;9.635056e-02
1.857308e-07;1.037051e-01
1.861277e-07;1.018099e-01
1.865245e-07;1.032486e-01
1.869214e-07;9.671556e-02
1.873182e-07;1.014729e-01
1.877151e-07;9.861632e-02
1.881120e-07;1.000753e-01
1.885088e-07;9.331662e-02
1.889057e-07;9.443655e-02
1.893026e-07;9.472002e-02
1.896994e-07;9.868178e-02
1.900963e-07;9.789094e-02
1.904931e-07;9.873893e-02
1.908900e-07;9.660361e-02
1.912869e-07;9.716286e-02
1.916837e-07;9.600570e-02
1.920806e-07;9.475173e-02
1.924774e-07;9.664641e-02
1.928743e-07;9.791140e-02
1.932712e-07;9.631662e-02
1.936680e-07;9.122506e-02
1.940649e-07;8.738924e-02
1.944617e-07;8.973896e-02
1.948586e-07;9.093124e-02
1.952555e-07;9.530537e-02
1.956523e-07;9.408474e-02
1.960492e-07;9.602326e-02
1.964461e-07;9.266940e-02
1.968429e-07;9.307096e-02
1.972398e-07;9.528923e-02
1.976366e-07;9.513919e-02
1.980335e-07;9.345265e-02
1.984304e-07;9.676096e-02
1.988272e-07;9.751685e-02
1.992241e-07;1.000508e-01
1.996209e-07;9.619120e-02
2.000178e-07;9.444214e-02
2.004147e-07;9.685077e-02
2.008115e-07;9.740401e-02
2.012084e-07;1.018149e-01
2.016052e-07;9.846997e-02
2.020021e-07;9.775785e-02
2.023990e-07;9.748207e-02
2.027958e-07;9.854235e-02
2.031927e-07;1.010011e-01
2.035896e-07;1.009390e-01
2.039864e-07;1.046429e-01
2.043833e-07;1.037951e-01
2.047801e-07;1.007798e-01
2.051770e-07;9.715860e-02
2.055739e-07;9.521213e-02
2.059707e-07;9.654173e-02
2.063676e-07;9.569809e-02
2.067644e-07;9.752497e-02
2.071613e-07;9.554639e-02
2.075581e-07;9.963527e-02
2.079550e-07;9.684171e-02
2.083519e-07;9.531362e-02
2.087487e-07;8.644624e-02
2.091456e-07;8.892396e-02
2.095424e-07;9.313843e-02
2.099393e-07;9.895127e-02
2.103362e-07;9.873986e-02
2.107330e-07;9.578823e-02
2.111299e-07;9.697621e-02
2.115268e-07;9.630425e-02
2.119236e-07;9.842584e-02
2.123205e-07;1.002076e-01
2.127173e-07;1.029767e-01
2.131142e-07;1.025698e-01
2.135111e-07;1.021352e-01
2.139079e-07;1.012176e-01
2.143048e-07;1.027316e-01
2.147016e-07;1.012678e-01
2.150985e-07;9.769544e-02
2.154954e-07;9.693482e-02
2.158922e-07;9.856956e-02
2.162891e-07;9.956855e-02
2.166859e-07;1.019426e-01
2.170828e-07;1.030812e-01
2.174797e-07;1.084529e-01
2.178765e-07;1.076042e-01
2.182734e-07;1.068087e-01
2.186703e-07;1.062312e-01
2.190671e-07;1.075135e-01
2.194640e-07;1.067922e-01
2.198608e-07;1.069281e-01
2.202577e-07;1.048714e-01
2.206546e-07;1.033877e-01
2.210514e-07;9.865635e-02
2.214483e-07;1.000067e-01
2.218451e-07;1.027741e-01
2.222420e-07;1.112653e-01
2.226389e-07;1.104976e-01
2.230357e-07;1.123899e-01
2.234326e-07;1.068573e-01
2.238294e-07;1.064108e-01
2.242263e-07;1.042254e-01
2.246232e-07;9.965666e-02
2.250200e-07;9.958771e-02
2.254169e-07;9.923567e-02
2.258137e-07;1.034117e-01
2.262106e-07;1.012686e-01
2.266075e-07;9.793437e-02
2.270043e-07;9.434383e-02
2.274012e-07;9.490313e-02
2.277981e-07;9.739155e-02
2.281949e-07;1.007056e-01
2.285918e-07;9.779017e-02
2.289886e-07;9.464578e-02
2.293855e-07;9.278590e-02
2.297824e-07;9.805816e-02
2.301792e-07;9.396435e-02
2.305761e-07;9.399977e-02
2.309729e-07;9.152696e-02
2.313698e-07;9.823422e-02
2.317666e-07;9.648909e-02
2.321635e-07;9.720404e-02
2.325604e-07;9.482359e-02
2.329572e-07;9.578701e-02
2.333541e-07;9.297936e-02
2.337510e-07;9.526014e-02
2.341478e-07;9.220734e-02
2.345447e-07;9.596732e-02
2.349415e-07;9.530830e-02
2.353384e-07;9.651664e-02
2.357353e-07;9.675851e-02
2.361321e-07;9.725311e-02
2.365290e-07;1.000468e-01
2.369258e-07;9.839500e-02
2.373227e-07;9.708555e-02
2.377196e-07;9.491403e-02
2.381164e-07;9.401526e-02
2.385133e-07;9.159548e-02
2.389102e-07;9.144490e-02
2.393070e-07;9.046337e-02
2.397039e-07;9.204373e-02
2.401007e-07;9.371676e-02
2.404976e-07;9.317726e-02
2.408945e-07;9.141713e-02
2.412913e-07;8.632357e-02
2.416882e-07;8.708239e-02
2.420850e-07;8.887557e-02
2.424819e-07;9.517942e-02
2.428787e-07;9.564327e-02
2.432756e-07;9.587441e-02
2.436725e-07;9.613422e-02
2.440693e-07;9.583385e-02
2.444662e-07;9.403805e-02
2.448631e-07;9.169903e-02
2.452599e-07;8.882309e-02
2.456568e-07;8.754750e-02
2.460536e-07;8.638065e-02
2.464505e-07;8.550078e-02
2.468473e-07;8.907692e-02
2.472442e-07;9.296448e-02
2.476411e-07;9.616297e-02
2.480379e-07;9.577713e-02
2.484348e-07;9.134981e-02
2.488317e-07;8.922649e-02
2.492285e-07;9.013588e-02
2.496254e-07;9.100090e-02
2.500223e-07;9.208542e-02
2.504191e-07;8.985607e-02
2.508160e-07;9.097988e-02
2.512128e-07;8.819814e-02
2.516097e-07;8.902223e-02
2.520065e-07;9.031218e-02
2.524034e-07;9.492663e-02
2.528003e-07;9.245593e-02
2.531971e-07;8.849556e-02
2.535940e-07;8.845050e-02
2.539909e-07;8.648345e-02
2.543877e-07;8.553284e-02
2.547846e-07;8.155566e-02
2.551814e-07;8.345038e-02
2.555783e-07;8.385232e-02
2.559752e-07;8.589671e-02
2.563720e-07;8.660305e-02
2.567689e-07;8.901232e-02
2.571657e-07;8.935510e-02
2.575626e-07;9.082158e-02
2.579595e-07;8.847640e-02
2.583563e-07;8.653773e-02
2.587532e-07;8.656578e-02
2.591501e-07;8.577134e-02
2.595469e-07;8.439291e-02
2.599438e-07;8.120121e-02
2.603406e-07;8.385882e-02
2.607375e-07;8.701316e-02
2.611343e-07;9.296536e-02
2.615312e-07;9.244562e-02
2.619281e-07;9.192487e-02
2.623249e-07;8.828347e-02
2.627218e-07;8.702443e-02
2.631187e-07;8.430272e-02
2.635155e-07;8.322562e-02
2.639124e-07;8.300161e-02
2.643092e-07;8.820112e-02
2.647061e-07;8.849172e-02
2.651030e-07;9.058303e-02
2.654998e-07;8.571168e-02
2.658967e-07;8.373471e-02
2.662935e-07;8.255693e-02
2.666904e-07;8.610260e-02
2.670872e-07;8.868323e-02
2.674841e-07;9.020600e-02
2.678810e-07;9.044113e-02
2.682778e-07;8.713761e-02
2.686747e-07;8.351345e-02
2.690716e-07;7.933400e-02
2.694684e-07;8.547149e-02
2.698653e-07;8.722489e-02
2.702621e-07;9.020206e-02
2.706590e-07;8.735745e-02
2.710559e-07;8.754172e-02
2.714527e-07;8.429350e-02
2.718496e-07;8.284657e-02
2.722464e-07;8.046299e-02
2.726433e-07;8.463304e-02
2.730402e-07;8.376424e-02
2.734370e-07;8.290926e-02
2.738339e-07;8.183040e-02
2.742308e-07;8.573954e-02
2.746276e-07;8.807984e-02
2.750245e-07;8.915499e-02
2.754213e-07;8.653842e-02
2.758182e-07;8.537647e-02
2.762150e-07;8.597330e-02
2.766119e-07;8.606634e-02
2.770088e-07;8.977170e-02
2.774056e-07;8.696744e-02
2.778025e-07;8.820237e-02
2.781994e-07;8.784685e-02
2.785962e-07;8.790054e-02
2.789931e-07;8.308417e-02
2.793900e-07;7.637926e-02
2.797868e-07;7.662452e-02
2.801837e-07;8.034692e-02
2.805805e-07;8.648433e-02
2.809774e-07;8.730791e-02
2.813742e-07;8.629213e-02
2.817711e-07;8.507057e-02
2.821680e-07;8.291019e-02
2.825648e-07;8.732950e-02
2.829617e-07;8.740688e-02
2.833586e-07;9.076905e-02
2.837554e-07;8.933443e-02
2.841523e-07;8.916198e-02
2.845491e-07;8.889917e-02
2.849460e-07;8.645110e-02
2.853428e-07;8.638631e-02
2.857397e-07;8.687568e-02
2.861366e-07;8.700746e-02
2.865334e-07;8.925614e-02
2.869303e-07;8.764461e-02
2.873272e-07;8.855660e-02
2.877240e-07;8.530595e-02
2.881209e-07;8.529411e-02
2.885177e-07;8.386588e-02
2.889146e-07;8.430052e-02
2.893115e-07;8.551565e-02
2.897083e-07;8.501895e-02
2.901052e-07;8.435842e-02
2.905020e-07;8.488930e-02
2.908989e-07;8.415904e-02
2.912957e-07;8.546931e-02
2.916926e-07;8.177675e-02
2.920895e-07;8.288816e-02
2.924863e-07;8.436127e-02
2.928832e-07;8.325281e-02
2.932801e-07;8.213282e-02
2.936769e-07;7.751853e-02
2.940738e-07;7.914128e-02
2.944707e-07;8.111566e-02
2.948675e-07;8.212743e-02
2.952644e-07;8.512721e-02
2.956612e-07;8.151069e-02
2.960581e-07;8.028882e-02
2.964549e-07;7.757240e-02
2.968518e-07;8.023804e-02
2.972487e-07;7.883041e-02
2.976455e-07;7.707327e-02
2.980424e-07;7.585649e-02
2.984393e-07;8.082122e-02
2.988361e-07;8.483095e-02
2.992330e-07;8.520013e-02
2.996298e-07;8.209192e-02
3.000267e-07;8.091893e-02
3.004236e-07;8.166523e-02
3.008204e-07;8.152140e-02
3.012173e-07;7.821056e-02
3.016141e-07;7.769019e-02
3.020110e-07;8.045459e-02
3.024079e-07;8.074518e-02
3.028047e-07;7.937281e-02
3.032016e-07;7.759699e-02
3.035985e-07;7.857216e-02
3.039953e-07;7.880455e-02
3.043922e-07;7.948890e-02
3.047890e-07;7.948761e-02
3.051859e-07;8.403911e-02
3.055827e-07;8.690892e-02
3.059796e-07;8.794722e-02
3.063765e-07;8.687861e-02
3.067733e-07;8.617885e-02
3.071702e-07;8.644576e-02
3.075671e-07;8.550195e-02
3.079639e-07;8.289868e-02
3.083608e-07;8.008065e-02
3.087576e-07;7.953855e-02
3.091545e-07;8.312017e-02
3.095514e-07;8.273945e-02
3.099482e-07;8.475807e-02
3.103451e-07;8.204662e-02
3.107419e-07;8.446445e-02
3.111388e-07;8.146093e-02
3.115357e-07;8.212033e-02
3.119325e-07;8.459755e-02
3.123294e-07;8.639400e-02
3.127262e-07;8.657411e-02
3.131231e-07;8.356371e-02
3.135200e-07;8.386163e-02
3.139168e-07;8.477510e-02
3.143137e-07;8.953513e-02
3.147105e-07;9.034258e-02
3.151074e-07;9.085162e-02
3.155043e-07;8.762102e-02
3.159011e-07;8.522955e-02
3.162980e-07;8.640747e-02
3.166948e-07;8.589050e-02
3.170917e-07;8.710060e-02
3.174886e-07;8.906317e-02
3.178854e-07;9.064880e-02
3.182823e-07;9.162869e-02
3.186792e-07;8.386871e-02
3.190760e-07;8.418326e-02
3.194729e-07;8.461411e-02
3.198697e-07;9.103318e-02
3.202666e-07;9.316248e-02
3.206634e-07;9.337193e-02
3.210603e-07;9.002917e-02
3.214572e-07;8.879116e-02
3.218540e-07;8.941626e-02
3.222509e-07;9.159663e-02
3.226478e-07;9.088769e-02
3.230446e-07;9.148262e-02
3.234415e-07;9.191640e-02
3.238383e-07;9.227631e-02
3.242352e-07;9.780793e-02
3.246321e-07;1.031568e-01
3.250289e-07;1.002250e-01
3.254258e-07;9.555189e-02
3.258226e-07;9.015488e-02
3.262195e-07;9.604519e-02
3.266164e-07;9.475643e-02
3.270132e-07;9.461218e-02
3.274101e-07;9.070417e-02
3.278070e-07;9.465054e-02
3.282038e-07;9.899101e-02
3.286007e-07;1.019219e-01
3.289975e-07;9.942898e-02
3.293944e-07;9.554594e-02
3.297912e-07;9.586021e-02
3.301881e-07;9.353890e-02
3.305850e-07;9.258230e-02
3.309818e-07;8.888109e-02
3.313787e-07;9.023080e-02
3.317756e-07;9.119797e-02
3.321724e-07;9.353518e-02
3.325693e-07;9.211401e-02
3.329661e-07;9.219618e-02
3.333630e-07;9.045437e-02
3.337599e-07;9.523906e-02
3.341567e-07;9.156122e-02
3.345536e-07;9.046934e-02
3.349504e-07;9.062626e-02
3.353473e-07;9.139819e-02
3.357442e-07;9.093446e-02
3.361410e-07;8.913633e-02
3.365379e-07;9.006049e-02
3.369347e-07;8.952332e-02
3.373316e-07;8.696494e-02
3.377285e-07;8.726560e-02
3.381253e-07;8.783122e-02
3.385222e-07;8.857550e-02
3.389191e-07;8.661149e-02
3.393159e-07;8.680014e-02
3.397128e-07;8.486597e-02
3.401096e-07;8.456080e-02
3.405065e-07;8.710849e-02
3.409033e-07;8.660180e-02
3.413002e-07;9.119038e-02
3.416971e-07;9.052835e-02
3.420939e-07;9.441683e-02
3.424908e-07;9.195553e-02
3.428877e-07;9.357050e-02
3.432845e-07;9.343240e-02
3.436814e-07;9.364820e-02
3.440782e-07;8.832499e-02
3.444751e-07;8.766422e-02
3.448719e-07;8.915713e-02
3.452688e-07;9.006748e-02
3.456657e-07;8.654656e-02
3.460625e-07;8.723939e-02
3.464594e-07;9.090786e-02
3.468563e-07;9.296987e-02
3.472531e-07;9.313121e-02
3.476500e-07;9.083342e-02
3.480469e-07;9.379452e-02
3.484437e-07;9.395415e-02
3.488406e-07;9.542615e-02
3.492374e-07;9.495749e-02
3.496343e-07;9.347704e-02
3.500311e-07;9.461918e-02
3.504280e-07;8.987089e-02
3.508249e-07;8.588018e-02
3.512217e-07;8.285861e-02
3.516186e-07;8.746988e-02
3.520155e-07;9.276618e-02
3.524123e-07;9.013090e-02
3.528092e-07;8.691280e-02
3.532060e-07;8.523174e-02
3.536029e-07;8.944952e-02
3.539998e-07;9.254365e-02
3.543966e-07;9.198187e-02
3.547935e-07;8.989303e-02
3.551903e-07;9.189937e-02
3.555872e-07;9.036659e-02
3.559841e-07;9.217863e-02
3.563809e-07;8.814516e-02
3.567778e-07;8.765469e-02
3.571746e-07;8.291309e-02
3.575715e-07;8.292444e-02
3.579684e-07;8.429427e-02
3.583652e-07;8.472043e-02
3.587621e-07;8.444020e-02
3.591589e-07;8.340705e-02
3.595558e-07;8.706524e-02
3.599527e-07;9.037138e-02
3.603495e-07;8.634254e-02
3.607464e-07;8.237743e-02
3.611432e-07;7.892602e-02
3.615401e-07;8.304876e-02
3.619370e-07;8.715610e-02
3.623338e-07;8.811923e-02
3.627307e-07;8.797379e-02
3.631276e-07;8.428556e-02
3.635244e-07;8.361554e-02
3.639213e-07;8.257082e-02
3.643181e-07;8.100775e-02
3.647150e-07;8.282477e-02
3.651118e-07;8.252290e-02
3.655087e-07;8.543441e-02
3.659056e-07;8.596256e-02
3.663024e-07;8.832493e-02
3.666993e-07;8.685367e-02
3.670962e-07;8.747680e-02
3.674930e-07;8.347436e-02
3.678899e-07;8.599707e-02
3.682867e-07;8.294166e-02
3.686836e-07;8.420148e-02
3.690805e-07;8.075214e-02
3.694773e-07;8.191843e-02
3.698742e-07;8.450846e-02
3.702710e-07;8.745939e-02
3.706679e-07;8.744424e-02
3.710648e-07;8.665745e-02
3.714616e-07;8.750118e-02
3.718585e-07;8.518993e-02
3.722554e-07;8.529606e-02
3.726522e-07;8.078573e-02
3.730491e-07;7.930098e-02
3.734459e-07;8.255060e-02
3.738428e-07;8.952836e-02
3.742396e-07;9.404159e-02
3.746365e-07;8.976439e-02
3.750334e-07;8.336479e-02
3.754302e-07;8.123905e-02
3.758271e-07;8.536581e-02
3.762240e-07;8.750718e-02
3.766208e-07;8.973974e-02
3.770177e-07;8.701477e-02
3.774145e-07;8.735346e-02
3.778114e-07;9.101915e-02
3.782083e-07;9.443281e-02
3.786051e-07;9.842709e-02
3.790020e-07;9.143983e-02
3.793988e-07;9.095762e-02
3.797957e-07;8.616668e-02
3.801926e-07;8.861848e-02
3.805894e-07;8.769821e-02
3.809863e-07;9.046566e-02
3.813831e-07;9.026220e-02
3.817800e-07;8.727551e-02
3.821769e-07;8.832491e-02
3.825737e-07;9.107633e-02
3.829706e-07;9.565194e-02
3.833674e-07;9.322971e-02
3.837643e-07;9.428490e-02
3.841612e-07;9.350105e-02
3.845580e-07;9.575738e-02
3.849549e-07;9.316125e-02
3.853517e-07;9.317978e-02
3.857486e-07;9.433033e-02
3.861455e-07;9.638479e-02
3.865423e-07;9.483974e-02
